  64   64
1 1
    17.360735726630207    -0.000092404999904    -0.000083471544489
    -0.000092404999904    17.360745218873642     0.000056644380039
    -0.000083471544489     0.000056644380039    17.360415441412322
1 2
    -0.004825250712345     0.000092404999904     0.000083471544489
     0.000092404999904    -0.005026476778568    -0.000040652628414
     0.000083471544489    -0.000040652628414    -0.005437209668521
1 3
    -0.004492193486830     0.000092404999904     0.000315276517654
     0.000092404999904    -0.004290967420606    -0.000056644380037
     0.000315276517654    -0.000056644380037    -0.004531398356788
1 4
     0.004625804121116    -0.000092404999904    -0.000315276517654
    -0.000092404999904     0.004616311877676     0.000040652628412
    -0.000315276517654     0.000040652628412    -0.003029228203730
1 5
    -0.004325242421175     0.000306343062239     0.000083471544489
     0.000306343062239    -0.003953714401178    -0.000056644380036
     0.000083471544489    -0.000056644380036    -0.004588085661230
1 6
     0.005335718504784    -0.000306343062239    -0.000083471544489
    -0.000306343062239    -0.001989536358746     0.000040652628411
    -0.000083471544489     0.000040652628411     0.004781201526433
1 7
    -0.002291440583128    -0.000306343062239    -0.000315276517654
    -0.000306343062239     0.005033814280399     0.000056644380039
    -0.000315276517654     0.000056644380039     0.004488789545484
1 8
     0.001819617913290     0.000306343062239     0.000315276517654
     0.000306343062239     0.001448089893290    -0.000040652628413
     0.000315276517654    -0.000040652628413     0.000984020587013
1 9
    -0.001694062959529    -0.002486446591062     0.002525165769609
    -0.002486446591062     0.004170740563110     0.000386472007206
     0.002525165769608     0.000386472007207     0.004121717988428
1 10
    -4.483953872503941     2.820321422761602    -2.820156427573491
     2.820321422761602    -4.483979653498631     2.820258214346445
    -2.820156427573490     2.820258214346446    -4.483699148188139
1 11
     0.003073675572798     0.001657640703224    -0.004772015294606
     0.001657640703224     0.003099456567488     0.005215477215352
    -0.004772015294605     0.005215477215354     0.002536912126754
1 12
     0.003691722125339    -0.002888737831285    -0.000498223841009
    -0.002888737831284    -0.002173081397298    -0.002958662629508
    -0.000498223841009    -0.002958662629509     0.003668480545346
1 13
     0.002778121579837     0.005107805520067    -0.001085639726511
     0.005107805520067     0.001960852823302     0.004808471426750
    -0.001085639726510     0.004808471426753     0.002523397264034
1 14
     0.003829998226191     0.000464661280479     0.002583574667405
     0.000464661280479     0.003855779220880    -0.002614780287080
     0.002583574667405    -0.002614780287081    -0.001985782721765
1 15
    -0.002993877946554    -0.003542910825353     0.003165465922395
    -0.003542910825354    -0.003019658941244    -0.003679508996421
     0.003165465922395    -0.003679508996424    -0.002970636366561
1 16
     0.002439871261072     0.005368934453731    -0.004626138439668
     0.005368934453731     0.003257140017608     0.001448555433130
    -0.004626138439668     0.001448555433130     0.002976634707117
1 17
     0.280435970573470    -0.135180095415265     0.134719463089624
     0.134781347353122    -0.071743538815909     0.068975619228487
    -0.135118211151767     0.069200752928422    -0.071306137717794
1 18
     0.000463515829693     0.000103334170098     0.000145709578457
     0.000295413892045    -0.002121584172961     0.002716856044820
     0.000253038483686     0.002491722344886    -0.001684183074849
1 19
     0.280369448592857    -0.134781347353123    -0.134719463089624
     0.135180095415265    -0.071539525266255    -0.069001028864348
     0.135118211151767    -0.069175343292564    -0.071102124168141
1 20
     0.000287443869172    -0.000295413892045    -0.000145709578457
    -0.000103334170098    -0.002027120603223    -0.002691446408959
    -0.000253038483686    -0.002517131980743    -0.001589719505109
1 21
     0.280369448592857     0.135180095415265     0.135118211151767
    -0.134781347353122    -0.071539525266255    -0.069175343292564
    -0.134719463089624    -0.069001028864348    -0.071102124168141
1 22
     0.000287443869172    -0.000103334170098    -0.000253038483686
    -0.000295413892045    -0.002027120603223    -0.002517131980742
    -0.000145709578457    -0.002691446408959    -0.001589719505109
1 23
     0.280435970573470     0.134781347353122    -0.135118211151767
    -0.135180095415265    -0.071743538815909     0.069200752928422
     0.134719463089624     0.068975619228487    -0.071306137717794
1 24
     0.000463515829693     0.000295413892045     0.000253038483686
     0.000103334170098    -0.002121584172961     0.002491722344886
     0.000145709578457     0.002716856044820    -0.001684183074849
1 25
     0.002861638592107    -0.001177624088855     0.004936084764058
    -0.001177624088853     0.002713380702540     0.004879023084192
     0.004936084764057     0.004879023084192     0.002185839532080
1 26
     0.003903759106031     0.002408721216915     0.000334154371557
     0.002408721216916    -0.001787005532350    -0.002622208498347
     0.000334154371557    -0.002622208498347     0.004019553140022
1 27
    -0.001677282058748     0.002307929638098    -0.002612946162534
     0.002307929638098     0.004013482579634     0.000421426476960
    -0.002612946162533     0.000421426476960     0.004277534503191
1 28
    -4.483970653404721    -2.820142905808639     2.820244207966415
    -2.820142905808640    -4.483822395515154     2.820223259876692
     2.820244207966416     2.820223259876693    -4.483854964702902
1 29
    -0.003010658847335     0.003098169315024    -0.003700943992762
     0.003098169315024    -0.002862400957768    -0.003714463466178
    -0.003700943992763    -0.003714463466177    -0.003126452881327
1 30
     0.002456652161852    -0.004924192943402     0.005161616510036
    -0.004924192943402     0.003099882034132     0.001483509902885
     0.005161616510035     0.001483509902885     0.003132451221881
1 31
     0.002990158560530    -0.004964563671144     0.001544828720351
    -0.004964563671143     0.002346928688251     0.005144925557912
     0.001544828720351     0.005144925557913     0.002874469858710
1 32
     0.003617961245499    -0.000607903129402    -0.003042763661245
    -0.000607903129402     0.003469703355932    -0.002951234418242
    -0.003042763661245    -0.002951234418243    -0.002336855316439
1 33
    -0.071271284585691     0.135175716012343     0.069170887768107
    -0.135078419003893     0.280710332371641     0.134513387655655
     0.069304621787758    -0.134912135717798    -0.070833883487573
1 34
    -0.071705079831086     0.135078419003894    -0.069104897723683
    -0.135175716012343     0.280020766196646    -0.134513387655654
    -0.069370611832182     0.134912135717797    -0.071267678732970
1 35
    -0.002778640768330    -0.000098954767176     0.002820724904155
     0.000001657758727    -0.000010412934287    -0.000060365855511
     0.002686990884503     0.000459113917655    -0.002341239670215
1 36
    -0.001676763673249    -0.000001657758727    -0.002886714948579
     0.000098954767176     0.000835693231193     0.000060365855512
    -0.002621000840079    -0.000459113917655    -0.001239362575133
1 37
    -0.071705079831086    -0.135175716012343    -0.069370611832182
     0.135078419003894     0.280020766196646     0.134912135717797
    -0.069104897723683    -0.134513387655654    -0.071267678732970
1 38
    -0.071271284585691    -0.135078419003893     0.069304621787758
     0.135175716012343     0.280710332371641    -0.134912135717799
     0.069170887768107     0.134513387655654    -0.070833883487574
1 39
    -0.001676763673249     0.000098954767176    -0.002621000840080
    -0.000001657758727     0.000835693231193    -0.000459113917655
    -0.002886714948579     0.000060365855512    -0.001239362575133
1 40
    -0.002778640768330     0.000001657758727     0.002686990884503
    -0.000098954767176    -0.000010412934287     0.000459113917655
     0.002820724904155    -0.000060365855511    -0.002341239670215
1 41
    -4.484002645056394    -2.820061972622015    -2.820040539917112
    -2.820061972622016    -4.484065404271032    -2.820039446145235
    -2.820040539917112    -2.820039446145234    -4.483923934574524
1 42
    -0.001995097661250     0.002632611857018     0.002814893518774
     0.002632611857019     0.003832727641440    -0.000461102637319
     0.002814893518774    -0.000461102637319     0.003922740680742
1 43
     0.003740494677792     0.002629287691699    -0.000614111497387
     0.002629287691699    -0.002087330624897     0.002739894428297
    -0.000614111497387     0.002739894428295     0.003893266931732
1 44
     0.003374710274521    -0.001803805969181    -0.005061743043772
    -0.001803805969181     0.003437469489158    -0.005140846585240
    -0.005061743043771    -0.005140846585239     0.002735889434442
1 45
     0.003649952897172    -0.000688836316025     0.002839095611942
    -0.000688836316025     0.003712712111811     0.002767420686784
     0.002839095611943     0.002767420686785    -0.002267885444818
1 46
     0.003307974163032    -0.005289245890064    -0.001746776076592
    -0.005289245890064     0.002527683626446    -0.005105249397551
    -0.001746776076591    -0.005105249397552     0.003229263681161
1 47
     0.002619916590091    -0.005144759418185    -0.004881659384206
    -0.005144759418186     0.003400207126678    -0.001601195832834
    -0.004881659384206    -0.001601195832836     0.003258737430170
1 48
    -0.003523730529749     0.003724351195350     0.003826602272476
     0.003724351195351    -0.003586489744387     0.003976286967225
     0.003826602272476     0.003976286967223    -0.003676502783688
1 49
    -0.071627374623889    -0.069236880761560    -0.135069921723800
    -0.069145481081276    -0.071627374623890    -0.134469477630610
     0.134972624715351     0.134868225692753     0.279723580816970
1 50
    -0.071107565547168     0.069170890717136    -0.134972624715351
     0.069211471125701    -0.071107565547167     0.134469477630610
     0.135069921723800    -0.134868225692753     0.280113095791242
1 51
    -0.071107565547168     0.069211471125700     0.135069921723800
     0.069170890717136    -0.071107565547167    -0.134868225692753
    -0.134972624715351     0.134469477630610     0.280113095791242
1 52
    -0.071627374623889    -0.069145481081276     0.134972624715351
    -0.069236880761560    -0.071627374623891     0.134868225692753
    -0.135069921723800    -0.134469477630610     0.279723580816970
1 53
    -0.001504163632710    -0.002661584197673     0.000204749055719
    -0.002752983877956    -0.001504163632712     0.000016455830470
    -0.000107452047270    -0.000415203892610     0.000894446694425
1 54
    -0.002520026896465     0.002727574242097     0.000107452047270
     0.002686993833532    -0.002520026896465    -0.000016455830470
    -0.000204749055719     0.000415203892609    -0.000251710671779
1 55
    -0.002520026896465     0.002686993833532    -0.000204749055719
     0.002727574242097    -0.002520026896465     0.000415203892609
     0.000107452047270    -0.000016455830470    -0.000251710671779
1 56
    -0.001504163632710    -0.002752983877956    -0.000107452047270
    -0.002661584197673    -0.001504163632712    -0.000415203892610
     0.000204749055719     0.000016455830470     0.000894446694425
1 57
     0.004618412379591    -0.002496175413015     0.000390262658666
    -0.002496175413016    -0.001035374038842     0.002463219666405
     0.000390262658666     0.002463219666403     0.004632149019546
1 58
     0.002496792572722     0.001670693690498     0.005285591882493
     0.001670693690498     0.002385512903104    -0.004864171823348
     0.005285591882492    -0.004864171823347     0.001997007346627
1 59
    -4.484685306678281     2.820230360004738     2.820188099679307
     2.820230360004739    -4.484574027008664    -2.820064271044748
     2.820188099679307    -2.820064271044751    -4.484467560582426
1 60
    -0.001312436039364    -0.002800999239742    -0.002962453280969
    -0.002800999239742     0.004341350379070    -0.000436277737805
    -0.002962453280969    -0.000436277737804     0.004466366688644
1 61
     0.001513181006819     0.004976372035462     0.004734099622011
     0.004976372035462     0.002119432659149    -0.000953112470028
     0.004734099622011    -0.000953112470027     0.002012966232914
1 62
    -0.002416994946478    -0.003555963812626    -0.003679042510282
    -0.003555963812628    -0.002305715276860     0.003328203604417
    -0.003679042510283     0.003328203604416    -0.002430731586433
1 63
     0.004561432400532     0.000555724037342    -0.002615246773221
     0.000555724037342     0.004450152730913     0.002420836985383
    -0.002615246773221     0.002420836985383    -0.001217370327474
1 64
     0.002396494659673     0.005422358168747     0.001522927237870
     0.005422358168747     0.001790243007341    -0.004758665696151
     0.001522927237871    -0.004758665696152     0.002178748563818
2 1
    -0.004825250712345     0.000092404999904     0.000083471544489
     0.000092404999904    -0.005026476778568    -0.000040652628414
     0.000083471544489    -0.000040652628414    -0.005437209668521
2 2
    17.360735726630207    -0.000092404999904    -0.000083471544489
    -0.000092404999904    17.360745218873642     0.000056644380039
    -0.000083471544489     0.000056644380039    17.360415441412322
2 3
     0.004625804121116    -0.000092404999904    -0.000315276517654
    -0.000092404999904     0.004616311877676     0.000040652628412
    -0.000315276517654     0.000040652628412    -0.003029228203730
2 4
    -0.004492193486830     0.000092404999904     0.000315276517654
     0.000092404999904    -0.004290967420606    -0.000056644380037
     0.000315276517654    -0.000056644380037    -0.004531398356788
2 5
     0.005335718504784    -0.000306343062239    -0.000083471544489
    -0.000306343062239    -0.001989536358746     0.000040652628411
    -0.000083471544489     0.000040652628411     0.004781201526433
2 6
    -0.004325242421175     0.000306343062239     0.000083471544489
     0.000306343062239    -0.003953714401178    -0.000056644380036
     0.000083471544489    -0.000056644380036    -0.004588085661230
2 7
     0.001819617913290     0.000306343062239     0.000315276517654
     0.000306343062239     0.001448089893290    -0.000040652628413
     0.000315276517654    -0.000040652628413     0.000984020587013
2 8
    -0.002291440583128    -0.000306343062239    -0.000315276517654
    -0.000306343062239     0.005033814280399     0.000056644380039
    -0.000315276517654     0.000056644380039     0.004488789545484
2 9
    -4.483953872503941     2.820321422761602    -2.820156427573491
     2.820321422761602    -4.483979653498631     2.820258214346445
    -2.820156427573490     2.820258214346446    -4.483699148188139
2 10
    -0.001694062959529    -0.002486446591062     0.002525165769609
    -0.002486446591062     0.004170740563110     0.000386472007206
     0.002525165769608     0.000386472007207     0.004121717988428
2 11
     0.003691722125339    -0.002888737831285    -0.000498223841009
    -0.002888737831284    -0.002173081397298    -0.002958662629508
    -0.000498223841009    -0.002958662629509     0.003668480545346
2 12
     0.003073675572798     0.001657640703224    -0.004772015294606
     0.001657640703224     0.003099456567488     0.005215477215352
    -0.004772015294605     0.005215477215354     0.002536912126754
2 13
     0.003829998226191     0.000464661280479     0.002583574667405
     0.000464661280479     0.003855779220880    -0.002614780287080
     0.002583574667405    -0.002614780287081    -0.001985782721765
2 14
     0.002778121579837     0.005107805520067    -0.001085639726511
     0.005107805520067     0.001960852823302     0.004808471426750
    -0.001085639726510     0.004808471426753     0.002523397264034
2 15
     0.002439871261072     0.005368934453731    -0.004626138439668
     0.005368934453731     0.003257140017608     0.001448555433130
    -0.004626138439668     0.001448555433130     0.002976634707117
2 16
    -0.002993877946554    -0.003542910825353     0.003165465922395
    -0.003542910825354    -0.003019658941244    -0.003679508996421
     0.003165465922395    -0.003679508996424    -0.002970636366561
2 17
     0.000463515829693     0.000103334170098     0.000145709578457
     0.000295413892045    -0.002121584172961     0.002716856044820
     0.000253038483686     0.002491722344886    -0.001684183074849
2 18
     0.280435970573470    -0.135180095415265     0.134719463089624
     0.134781347353122    -0.071743538815909     0.068975619228487
    -0.135118211151767     0.069200752928422    -0.071306137717794
2 19
     0.000287443869172    -0.000295413892045    -0.000145709578457
    -0.000103334170098    -0.002027120603223    -0.002691446408959
    -0.000253038483686    -0.002517131980743    -0.001589719505109
2 20
     0.280369448592857    -0.134781347353123    -0.134719463089624
     0.135180095415265    -0.071539525266255    -0.069001028864348
     0.135118211151767    -0.069175343292564    -0.071102124168141
2 21
     0.000287443869172    -0.000103334170098    -0.000253038483686
    -0.000295413892045    -0.002027120603223    -0.002517131980742
    -0.000145709578457    -0.002691446408959    -0.001589719505109
2 22
     0.280369448592857     0.135180095415265     0.135118211151767
    -0.134781347353122    -0.071539525266255    -0.069175343292564
    -0.134719463089624    -0.069001028864348    -0.071102124168141
2 23
     0.000463515829693     0.000295413892045     0.000253038483686
     0.000103334170098    -0.002121584172961     0.002491722344886
     0.000145709578457     0.002716856044820    -0.001684183074849
2 24
     0.280435970573470     0.134781347353122    -0.135118211151767
    -0.135180095415265    -0.071743538815909     0.069200752928422
     0.134719463089624     0.068975619228487    -0.071306137717794
2 25
     0.003903759106031     0.002408721216915     0.000334154371557
     0.002408721216916    -0.001787005532350    -0.002622208498347
     0.000334154371557    -0.002622208498347     0.004019553140022
2 26
     0.002861638592107    -0.001177624088855     0.004936084764058
    -0.001177624088853     0.002713380702540     0.004879023084192
     0.004936084764057     0.004879023084192     0.002185839532080
2 27
    -4.483970653404721    -2.820142905808639     2.820244207966415
    -2.820142905808640    -4.483822395515154     2.820223259876692
     2.820244207966416     2.820223259876693    -4.483854964702902
2 28
    -0.001677282058748     0.002307929638098    -0.002612946162534
     0.002307929638098     0.004013482579634     0.000421426476960
    -0.002612946162533     0.000421426476960     0.004277534503191
2 29
     0.002456652161852    -0.004924192943402     0.005161616510036
    -0.004924192943402     0.003099882034132     0.001483509902885
     0.005161616510035     0.001483509902885     0.003132451221881
2 30
    -0.003010658847335     0.003098169315024    -0.003700943992762
     0.003098169315024    -0.002862400957768    -0.003714463466178
    -0.003700943992763    -0.003714463466177    -0.003126452881327
2 31
     0.003617961245499    -0.000607903129402    -0.003042763661245
    -0.000607903129402     0.003469703355932    -0.002951234418242
    -0.003042763661245    -0.002951234418243    -0.002336855316439
2 32
     0.002990158560530    -0.004964563671144     0.001544828720351
    -0.004964563671143     0.002346928688251     0.005144925557912
     0.001544828720351     0.005144925557913     0.002874469858710
2 33
    -0.071705079831086     0.135078419003894    -0.069104897723683
    -0.135175716012343     0.280020766196646    -0.134513387655654
    -0.069370611832182     0.134912135717797    -0.071267678732970
2 34
    -0.071271284585691     0.135175716012343     0.069170887768107
    -0.135078419003893     0.280710332371641     0.134513387655655
     0.069304621787758    -0.134912135717798    -0.070833883487573
2 35
    -0.001676763673249    -0.000001657758727    -0.002886714948579
     0.000098954767176     0.000835693231193     0.000060365855512
    -0.002621000840079    -0.000459113917655    -0.001239362575133
2 36
    -0.002778640768330    -0.000098954767176     0.002820724904155
     0.000001657758727    -0.000010412934287    -0.000060365855511
     0.002686990884503     0.000459113917655    -0.002341239670215
2 37
    -0.071271284585691    -0.135078419003893     0.069304621787758
     0.135175716012343     0.280710332371641    -0.134912135717799
     0.069170887768107     0.134513387655654    -0.070833883487574
2 38
    -0.071705079831086    -0.135175716012343    -0.069370611832182
     0.135078419003894     0.280020766196646     0.134912135717797
    -0.069104897723683    -0.134513387655654    -0.071267678732970
2 39
    -0.002778640768330     0.000001657758727     0.002686990884503
    -0.000098954767176    -0.000010412934287     0.000459113917655
     0.002820724904155    -0.000060365855511    -0.002341239670215
2 40
    -0.001676763673249     0.000098954767176    -0.002621000840080
    -0.000001657758727     0.000835693231193    -0.000459113917655
    -0.002886714948579     0.000060365855512    -0.001239362575133
2 41
    -0.001995097661250     0.002632611857018     0.002814893518774
     0.002632611857019     0.003832727641440    -0.000461102637319
     0.002814893518774    -0.000461102637319     0.003922740680742
2 42
    -4.484002645056394    -2.820061972622015    -2.820040539917112
    -2.820061972622016    -4.484065404271032    -2.820039446145235
    -2.820040539917112    -2.820039446145234    -4.483923934574524
2 43
     0.003374710274521    -0.001803805969181    -0.005061743043772
    -0.001803805969181     0.003437469489158    -0.005140846585240
    -0.005061743043771    -0.005140846585239     0.002735889434442
2 44
     0.003740494677792     0.002629287691699    -0.000614111497387
     0.002629287691699    -0.002087330624897     0.002739894428297
    -0.000614111497387     0.002739894428295     0.003893266931732
2 45
     0.003307974163032    -0.005289245890064    -0.001746776076592
    -0.005289245890064     0.002527683626446    -0.005105249397551
    -0.001746776076591    -0.005105249397552     0.003229263681161
2 46
     0.003649952897172    -0.000688836316025     0.002839095611942
    -0.000688836316025     0.003712712111811     0.002767420686784
     0.002839095611943     0.002767420686785    -0.002267885444818
2 47
    -0.003523730529749     0.003724351195350     0.003826602272476
     0.003724351195351    -0.003586489744387     0.003976286967225
     0.003826602272476     0.003976286967223    -0.003676502783688
2 48
     0.002619916590091    -0.005144759418185    -0.004881659384206
    -0.005144759418186     0.003400207126678    -0.001601195832834
    -0.004881659384206    -0.001601195832836     0.003258737430170
2 49
    -0.071107565547168     0.069170890717136    -0.134972624715351
     0.069211471125701    -0.071107565547167     0.134469477630610
     0.135069921723800    -0.134868225692753     0.280113095791242
2 50
    -0.071627374623889    -0.069236880761560    -0.135069921723800
    -0.069145481081276    -0.071627374623890    -0.134469477630610
     0.134972624715351     0.134868225692753     0.279723580816970
2 51
    -0.071627374623889    -0.069145481081276     0.134972624715351
    -0.069236880761560    -0.071627374623891     0.134868225692753
    -0.135069921723800    -0.134469477630610     0.279723580816970
2 52
    -0.071107565547168     0.069211471125700     0.135069921723800
     0.069170890717136    -0.071107565547167    -0.134868225692753
    -0.134972624715351     0.134469477630610     0.280113095791242
2 53
    -0.002520026896465     0.002727574242097     0.000107452047270
     0.002686993833532    -0.002520026896465    -0.000016455830470
    -0.000204749055719     0.000415203892609    -0.000251710671779
2 54
    -0.001504163632710    -0.002661584197673     0.000204749055719
    -0.002752983877956    -0.001504163632712     0.000016455830470
    -0.000107452047270    -0.000415203892610     0.000894446694425
2 55
    -0.001504163632710    -0.002752983877956    -0.000107452047270
    -0.002661584197673    -0.001504163632712    -0.000415203892610
     0.000204749055719     0.000016455830470     0.000894446694425
2 56
    -0.002520026896465     0.002686993833532    -0.000204749055719
     0.002727574242097    -0.002520026896465     0.000415203892609
     0.000107452047270    -0.000016455830470    -0.000251710671779
2 57
     0.002496792572722     0.001670693690498     0.005285591882493
     0.001670693690498     0.002385512903104    -0.004864171823348
     0.005285591882492    -0.004864171823347     0.001997007346627
2 58
     0.004618412379591    -0.002496175413015     0.000390262658666
    -0.002496175413016    -0.001035374038842     0.002463219666405
     0.000390262658666     0.002463219666403     0.004632149019546
2 59
    -0.001312436039364    -0.002800999239742    -0.002962453280969
    -0.002800999239742     0.004341350379070    -0.000436277737805
    -0.002962453280969    -0.000436277737804     0.004466366688644
2 60
    -4.484685306678281     2.820230360004738     2.820188099679307
     2.820230360004739    -4.484574027008664    -2.820064271044748
     2.820188099679307    -2.820064271044751    -4.484467560582426
2 61
    -0.002416994946478    -0.003555963812626    -0.003679042510282
    -0.003555963812628    -0.002305715276860     0.003328203604417
    -0.003679042510283     0.003328203604416    -0.002430731586433
2 62
     0.001513181006819     0.004976372035462     0.004734099622011
     0.004976372035462     0.002119432659149    -0.000953112470028
     0.004734099622011    -0.000953112470027     0.002012966232914
2 63
     0.002396494659673     0.005422358168747     0.001522927237870
     0.005422358168747     0.001790243007341    -0.004758665696151
     0.001522927237871    -0.004758665696152     0.002178748563818
2 64
     0.004561432400532     0.000555724037342    -0.002615246773221
     0.000555724037342     0.004450152730913     0.002420836985383
    -0.002615246773221     0.002420836985383    -0.001217370327474
3 1
    -0.004492193486830     0.000092404999904     0.000315276517654
     0.000092404999904    -0.004290967420606    -0.000056644380037
     0.000315276517654    -0.000056644380037    -0.004531398356788
3 2
     0.004625804121116    -0.000092404999904    -0.000315276517654
    -0.000092404999904     0.004616311877676     0.000040652628412
    -0.000315276517654     0.000040652628412    -0.003029228203730
3 3
    17.360735726630207    -0.000092404999904    -0.000083471544489
    -0.000092404999904    17.360745218873642     0.000056644380039
    -0.000083471544489     0.000056644380039    17.360415441412322
3 4
    -0.004825250712345     0.000092404999904     0.000083471544489
     0.000092404999904    -0.005026476778568    -0.000040652628414
     0.000083471544489    -0.000040652628414    -0.005437209668521
3 5
    -0.002291440583128    -0.000306343062239    -0.000315276517654
    -0.000306343062239     0.005033814280399     0.000056644380039
    -0.000315276517654     0.000056644380039     0.004488789545484
3 6
     0.001819617913290     0.000306343062239     0.000315276517654
     0.000306343062239     0.001448089893290    -0.000040652628413
     0.000315276517654    -0.000040652628413     0.000984020587013
3 7
    -0.004325242421175     0.000306343062239     0.000083471544489
     0.000306343062239    -0.003953714401178    -0.000056644380036
     0.000083471544489    -0.000056644380036    -0.004588085661230
3 8
     0.005335718504784    -0.000306343062239    -0.000083471544489
    -0.000306343062239    -0.001989536358746     0.000040652628411
    -0.000083471544489     0.000040652628411     0.004781201526433
3 9
     0.003073675572798     0.001657640703224    -0.004772015294606
     0.001657640703224     0.003099456567488     0.005215477215352
    -0.004772015294605     0.005215477215354     0.002536912126754
3 10
     0.003691722125339    -0.002888737831285    -0.000498223841009
    -0.002888737831284    -0.002173081397298    -0.002958662629508
    -0.000498223841009    -0.002958662629509     0.003668480545346
3 11
    -0.001694062959529    -0.002486446591062     0.002525165769609
    -0.002486446591062     0.004170740563110     0.000386472007206
     0.002525165769608     0.000386472007207     0.004121717988428
3 12
    -4.483953872503941     2.820321422761602    -2.820156427573491
     2.820321422761602    -4.483979653498631     2.820258214346445
    -2.820156427573490     2.820258214346446    -4.483699148188139
3 13
    -0.002993877946554    -0.003542910825353     0.003165465922395
    -0.003542910825354    -0.003019658941244    -0.003679508996421
     0.003165465922395    -0.003679508996424    -0.002970636366561
3 14
     0.002439871261072     0.005368934453731    -0.004626138439668
     0.005368934453731     0.003257140017608     0.001448555433130
    -0.004626138439668     0.001448555433130     0.002976634707117
3 15
     0.002778121579837     0.005107805520067    -0.001085639726511
     0.005107805520067     0.001960852823302     0.004808471426750
    -0.001085639726510     0.004808471426753     0.002523397264034
3 16
     0.003829998226191     0.000464661280479     0.002583574667405
     0.000464661280479     0.003855779220880    -0.002614780287080
     0.002583574667405    -0.002614780287081    -0.001985782721765
3 17
     0.280369448592857    -0.134781347353123    -0.134719463089624
     0.135180095415265    -0.071539525266255    -0.069001028864348
     0.135118211151767    -0.069175343292564    -0.071102124168141
3 18
     0.000287443869172    -0.000295413892045    -0.000145709578457
    -0.000103334170098    -0.002027120603223    -0.002691446408959
    -0.000253038483686    -0.002517131980743    -0.001589719505109
3 19
     0.280435970573470    -0.135180095415265     0.134719463089624
     0.134781347353122    -0.071743538815909     0.068975619228487
    -0.135118211151767     0.069200752928422    -0.071306137717794
3 20
     0.000463515829693     0.000103334170098     0.000145709578457
     0.000295413892045    -0.002121584172961     0.002716856044820
     0.000253038483686     0.002491722344886    -0.001684183074849
3 21
     0.280435970573470     0.134781347353122    -0.135118211151767
    -0.135180095415265    -0.071743538815909     0.069200752928422
     0.134719463089624     0.068975619228487    -0.071306137717794
3 22
     0.000463515829693     0.000295413892045     0.000253038483686
     0.000103334170098    -0.002121584172961     0.002491722344886
     0.000145709578457     0.002716856044820    -0.001684183074849
3 23
     0.280369448592857     0.135180095415265     0.135118211151767
    -0.134781347353122    -0.071539525266255    -0.069175343292564
    -0.134719463089624    -0.069001028864348    -0.071102124168141
3 24
     0.000287443869172    -0.000103334170098    -0.000253038483686
    -0.000295413892045    -0.002027120603223    -0.002517131980742
    -0.000145709578457    -0.002691446408959    -0.001589719505109
3 25
    -0.001677282058748     0.002307929638098    -0.002612946162534
     0.002307929638098     0.004013482579634     0.000421426476960
    -0.002612946162533     0.000421426476960     0.004277534503191
3 26
    -4.483970653404721    -2.820142905808639     2.820244207966415
    -2.820142905808640    -4.483822395515154     2.820223259876692
     2.820244207966416     2.820223259876693    -4.483854964702902
3 27
     0.002861638592107    -0.001177624088855     0.004936084764058
    -0.001177624088853     0.002713380702540     0.004879023084192
     0.004936084764057     0.004879023084192     0.002185839532080
3 28
     0.003903759106031     0.002408721216915     0.000334154371557
     0.002408721216916    -0.001787005532350    -0.002622208498347
     0.000334154371557    -0.002622208498347     0.004019553140022
3 29
     0.002990158560530    -0.004964563671144     0.001544828720351
    -0.004964563671143     0.002346928688251     0.005144925557912
     0.001544828720351     0.005144925557913     0.002874469858710
3 30
     0.003617961245499    -0.000607903129402    -0.003042763661245
    -0.000607903129402     0.003469703355932    -0.002951234418242
    -0.003042763661245    -0.002951234418243    -0.002336855316439
3 31
    -0.003010658847335     0.003098169315024    -0.003700943992762
     0.003098169315024    -0.002862400957768    -0.003714463466178
    -0.003700943992763    -0.003714463466177    -0.003126452881327
3 32
     0.002456652161852    -0.004924192943402     0.005161616510036
    -0.004924192943402     0.003099882034132     0.001483509902885
     0.005161616510035     0.001483509902885     0.003132451221881
3 33
    -0.002778640768330    -0.000098954767176     0.002820724904155
     0.000001657758727    -0.000010412934287    -0.000060365855511
     0.002686990884503     0.000459113917655    -0.002341239670215
3 34
    -0.001676763673249    -0.000001657758727    -0.002886714948579
     0.000098954767176     0.000835693231193     0.000060365855512
    -0.002621000840079    -0.000459113917655    -0.001239362575133
3 35
    -0.071271284585691     0.135175716012343     0.069170887768107
    -0.135078419003893     0.280710332371641     0.134513387655655
     0.069304621787758    -0.134912135717798    -0.070833883487573
3 36
    -0.071705079831086     0.135078419003894    -0.069104897723683
    -0.135175716012343     0.280020766196646    -0.134513387655654
    -0.069370611832182     0.134912135717797    -0.071267678732970
3 37
    -0.001676763673249     0.000098954767176    -0.002621000840080
    -0.000001657758727     0.000835693231193    -0.000459113917655
    -0.002886714948579     0.000060365855512    -0.001239362575133
3 38
    -0.002778640768330     0.000001657758727     0.002686990884503
    -0.000098954767176    -0.000010412934287     0.000459113917655
     0.002820724904155    -0.000060365855511    -0.002341239670215
3 39
    -0.071705079831086    -0.135175716012343    -0.069370611832182
     0.135078419003894     0.280020766196646     0.134912135717797
    -0.069104897723683    -0.134513387655654    -0.071267678732970
3 40
    -0.071271284585691    -0.135078419003893     0.069304621787758
     0.135175716012343     0.280710332371641    -0.134912135717799
     0.069170887768107     0.134513387655654    -0.070833883487574
3 41
     0.003740494677792     0.002629287691699    -0.000614111497387
     0.002629287691699    -0.002087330624897     0.002739894428297
    -0.000614111497387     0.002739894428295     0.003893266931732
3 42
     0.003374710274521    -0.001803805969181    -0.005061743043772
    -0.001803805969181     0.003437469489158    -0.005140846585240
    -0.005061743043771    -0.005140846585239     0.002735889434442
3 43
    -4.484002645056394    -2.820061972622015    -2.820040539917112
    -2.820061972622016    -4.484065404271032    -2.820039446145235
    -2.820040539917112    -2.820039446145234    -4.483923934574524
3 44
    -0.001995097661250     0.002632611857018     0.002814893518774
     0.002632611857019     0.003832727641440    -0.000461102637319
     0.002814893518774    -0.000461102637319     0.003922740680742
3 45
     0.002619916590091    -0.005144759418185    -0.004881659384206
    -0.005144759418186     0.003400207126678    -0.001601195832834
    -0.004881659384206    -0.001601195832836     0.003258737430170
3 46
    -0.003523730529749     0.003724351195350     0.003826602272476
     0.003724351195351    -0.003586489744387     0.003976286967225
     0.003826602272476     0.003976286967223    -0.003676502783688
3 47
     0.003649952897172    -0.000688836316025     0.002839095611942
    -0.000688836316025     0.003712712111811     0.002767420686784
     0.002839095611943     0.002767420686785    -0.002267885444818
3 48
     0.003307974163032    -0.005289245890064    -0.001746776076592
    -0.005289245890064     0.002527683626446    -0.005105249397551
    -0.001746776076591    -0.005105249397552     0.003229263681161
3 49
    -0.071107565547168     0.069211471125700     0.135069921723800
     0.069170890717136    -0.071107565547167    -0.134868225692753
    -0.134972624715351     0.134469477630610     0.280113095791242
3 50
    -0.071627374623889    -0.069145481081276     0.134972624715351
    -0.069236880761560    -0.071627374623891     0.134868225692753
    -0.135069921723800    -0.134469477630610     0.279723580816970
3 51
    -0.071627374623889    -0.069236880761560    -0.135069921723800
    -0.069145481081276    -0.071627374623890    -0.134469477630610
     0.134972624715351     0.134868225692753     0.279723580816970
3 52
    -0.071107565547168     0.069170890717136    -0.134972624715351
     0.069211471125701    -0.071107565547167     0.134469477630610
     0.135069921723800    -0.134868225692753     0.280113095791242
3 53
    -0.002520026896465     0.002686993833532    -0.000204749055719
     0.002727574242097    -0.002520026896465     0.000415203892609
     0.000107452047270    -0.000016455830470    -0.000251710671779
3 54
    -0.001504163632710    -0.002752983877956    -0.000107452047270
    -0.002661584197673    -0.001504163632712    -0.000415203892610
     0.000204749055719     0.000016455830470     0.000894446694425
3 55
    -0.001504163632710    -0.002661584197673     0.000204749055719
    -0.002752983877956    -0.001504163632712     0.000016455830470
    -0.000107452047270    -0.000415203892610     0.000894446694425
3 56
    -0.002520026896465     0.002727574242097     0.000107452047270
     0.002686993833532    -0.002520026896465    -0.000016455830470
    -0.000204749055719     0.000415203892609    -0.000251710671779
3 57
    -4.484685306678281     2.820230360004738     2.820188099679307
     2.820230360004739    -4.484574027008664    -2.820064271044748
     2.820188099679307    -2.820064271044751    -4.484467560582426
3 58
    -0.001312436039364    -0.002800999239742    -0.002962453280969
    -0.002800999239742     0.004341350379070    -0.000436277737805
    -0.002962453280969    -0.000436277737804     0.004466366688644
3 59
     0.004618412379591    -0.002496175413015     0.000390262658666
    -0.002496175413016    -0.001035374038842     0.002463219666405
     0.000390262658666     0.002463219666403     0.004632149019546
3 60
     0.002496792572722     0.001670693690498     0.005285591882493
     0.001670693690498     0.002385512903104    -0.004864171823348
     0.005285591882492    -0.004864171823347     0.001997007346627
3 61
     0.004561432400532     0.000555724037342    -0.002615246773221
     0.000555724037342     0.004450152730913     0.002420836985383
    -0.002615246773221     0.002420836985383    -0.001217370327474
3 62
     0.002396494659673     0.005422358168747     0.001522927237870
     0.005422358168747     0.001790243007341    -0.004758665696151
     0.001522927237871    -0.004758665696152     0.002178748563818
3 63
     0.001513181006819     0.004976372035462     0.004734099622011
     0.004976372035462     0.002119432659149    -0.000953112470028
     0.004734099622011    -0.000953112470027     0.002012966232914
3 64
    -0.002416994946478    -0.003555963812626    -0.003679042510282
    -0.003555963812628    -0.002305715276860     0.003328203604417
    -0.003679042510283     0.003328203604416    -0.002430731586433
4 1
     0.004625804121116    -0.000092404999904    -0.000315276517654
    -0.000092404999904     0.004616311877676     0.000040652628412
    -0.000315276517654     0.000040652628412    -0.003029228203730
4 2
    -0.004492193486830     0.000092404999904     0.000315276517654
     0.000092404999904    -0.004290967420606    -0.000056644380037
     0.000315276517654    -0.000056644380037    -0.004531398356788
4 3
