  64   64
1 1
    17.358660421489169    -0.000058011922513    -0.000314688281773
    -0.000058011922513    17.359285650577576     0.000299611700725
    -0.000314688281772     0.000299611700725    17.358477148996776
1 2
    -0.005216718825573     0.000058011922514     0.000314688281773
     0.000058011922514    -0.004772305721483     0.000022746202692
     0.000314688281772     0.000022746202692    -0.005125544329292
1 3
    -0.005187954921078     0.000058011922513     0.000222932152910
     0.000058011922513    -0.005632368025179    -0.000299611700722
     0.000222932152910    -0.000299611700722    -0.005461149274878
1 4
     0.005939253357605    -0.000058011922514    -0.000222932152910
    -0.000058011922514     0.005314024269191    -0.000022746202694
    -0.000222932152910    -0.000022746202694    -0.002430542438446
1 5
    -0.004501980227241     0.000479608512171     0.000314688281773
     0.000479608512171    -0.004421935973239    -0.000299611700726
     0.000314688281773    -0.000299611700726    -0.006038852958355
1 6
     0.006451858452793    -0.000479608512169    -0.000314688281773
    -0.000479608512169    -0.001109435762451    -0.000022746202696
    -0.000314688281773    -0.000022746202696     0.005189432710374
1 7
    -0.001183014339556    -0.000479608512171    -0.000222932152911
    -0.000479608512171     0.006378279875699     0.000299611700727
    -0.000222932152911     0.000299611700727     0.005741083221674
1 8
     0.001890034461303     0.000479608512169     0.000222932152910
     0.000479608512169     0.001809990207290     0.000022746202694
     0.000222932152910     0.000022746202694     0.000717530580301
1 9
    -0.000973585960031    -0.002410697131031     0.002434618245018
    -0.002410697131026     0.004571233312828     0.000661379471450
     0.002434618245014     0.000661379471450     0.004044177286706
1 10
    -4.483975430021756     2.820349393082517    -2.819558855482381
     2.820349393082515    -4.484373493342339     2.819721905931040
    -2.819558855482379     2.819721905931047    -4.484050097356475
1 11
     0.002498970421724     0.002950171475429    -0.004785070272222
     0.002950171475429     0.002897033742304     0.005104628011349
    -0.004785070272220     0.005104628011350     0.002203327971316
1 12
     0.004154274565556    -0.003305706392067    -0.000492378960487
    -0.003305706392067    -0.001390544707300    -0.003086226943772
    -0.000492378960483    -0.003086226943774     0.004025281860017
1 13
     0.002461824802889     0.005524422033744    -0.001932858377983
     0.005524422033743     0.001842786366635     0.004877852514039
    -0.001932858377983     0.004877852514040     0.002536492137617
1 14
     0.004157251434122     0.000588888007440     0.002725562012703
     0.000588888007441     0.004555314754702    -0.002482161450420
     0.002725562012702    -0.002482161450421    -0.000860511812620
1 15
    -0.002393836131962    -0.003244419994304     0.002736863547905
    -0.003244419994304    -0.002791899452544    -0.003462872297984
     0.002736863547905    -0.003462872297984    -0.002264843426413
1 16
     0.002259745113906     0.005606529272887    -0.004640402014052
     0.005606529272890     0.002878783550159     0.002178016065797
    -0.004640402014056     0.002178016065793     0.002555387564306
1 17
     0.280520362679887    -0.135513824700578     0.134813706535071
     0.134976204265895    -0.071324951024912     0.068404793173453
    -0.135351326969754     0.068987600116443    -0.070602101907505
1 18
    -0.000844658459505     0.000297619904003     0.000157698988550
     0.000240000530680    -0.002786014621030     0.002635186782554
     0.000379921446133     0.002052379839562    -0.002063165503638
1 19
     0.280130178965814    -0.134976204265895    -0.134813706535071
     0.135513824700578    -0.072063942231307    -0.068625174852533
     0.135351326969754    -0.068767218437369    -0.071341093113904
1 20
    -0.000038141745985    -0.000240000530681    -0.000157698988550
    -0.000297619904002    -0.002328305399845    -0.002414805103473
    -0.000379921446133    -0.002272761518636    -0.001605456282441
1 21
     0.280130178965814     0.135513824700578     0.135351326969754
    -0.134976204265895    -0.072063942231307    -0.068767218437369
    -0.134813706535071    -0.068625174852533    -0.071341093113904
1 22
    -0.000038141745985    -0.000297619904002    -0.000379921446133
    -0.000240000530681    -0.002328305399845    -0.002272761518636
    -0.000157698988550    -0.002414805103473    -0.001605456282441
1 23
     0.280520362679887     0.134976204265895    -0.135351326969754
    -0.135513824700578    -0.071324951024912     0.068987600116443
     0.134813706535071     0.068404793173453    -0.070602101907505
1 24
    -0.000844658459505     0.000240000530681     0.000379921446133
     0.000297619904003    -0.002786014621030     0.002052379839562
     0.000157698988550     0.002635186782554    -0.002063165503638
1 25
     0.002392176104838    -0.002160347284825     0.005163611762513
    -0.002160347284825     0.002414874727271     0.004662411035803
     0.005163611762513     0.004662411035803     0.001750870040382
1 26
     0.004261068882439     0.002515882201464     0.000113837470196
     0.002515882201465    -0.000908385692266    -0.002644009968228
     0.000113837470193    -0.002644009968227     0.004477739790950
1 27
    -0.001065815380817     0.002183678945598    -0.002854598904495
     0.002183678945598     0.004103639193892     0.000540790441826
    -0.002854598904493     0.000540790441822     0.004297611479973
1 28
    -4.483883200600971    -2.820122374897085     2.819978836141856
    -2.820122374897085    -4.483905899223404     2.819842494960670
     2.819978836141860     2.819842494960671    -4.484303531549747
1 29
    -0.002301606711180     0.002351288084045    -0.003437032984123
     0.002351288084048    -0.002324305333609    -0.003342283268359
    -0.003437032984122    -0.003342283268357    -0.002518277619685
1 30
     0.002167515693122    -0.004713397362628     0.005340571450269
    -0.004713397362628     0.002411189431224     0.002057427036169
     0.005340571450270     0.002057427036168     0.002808821757575
1 31
     0.002568619119776    -0.005194096128658     0.002674466983386
    -0.005194096128659     0.002324945381668     0.005320069489586
     0.002674466983387     0.005320069489587     0.002988950068555
1 32
     0.004050457117237    -0.000919213912526    -0.003467170618104
    -0.000919213912527     0.004073155739670    -0.002924378425967
    -0.003467170618105    -0.002924378425970    -0.001312969743549
1 33
    -0.071516413705543     0.135262760711412     0.068336470781780
    -0.134985895213380     0.279935256757391     0.134371434989080
     0.069039310658434    -0.134909055423765    -0.070793564588138
1 34
    -0.071764456767818     0.134985895213381    -0.068676885394520
    -0.135262760711411     0.280118034328753    -0.134371434989082
    -0.068698896045694     0.134909055423762    -0.071041607650414
1 35
    -0.003048025639581    -0.000046555914836     0.002686897324543
    -0.000230309583195    -0.000795039377497    -0.000284572557438
     0.001984057447888     0.000822192992122    -0.002325176522178
1 36
    -0.002174317164157     0.000230309583193    -0.002346482711803
     0.000046555914835     0.000509489731564     0.000284572557439
    -0.002324472060628    -0.000822192992121    -0.001451468046749
1 37
    -0.071764456767818    -0.135262760711411    -0.068698896045694
     0.134985895213381     0.280118034328753     0.134909055423762
    -0.068676885394520    -0.134371434989082    -0.071041607650414
1 38
    -0.071516413705543    -0.134985895213380     0.069039310658434
     0.135262760711412     0.279935256757391    -0.134909055423765
     0.068336470781780     0.134371434989080    -0.070793564588138
1 39
    -0.002174317164157     0.000046555914835    -0.002324472060628
     0.000230309583193     0.000509489731564    -0.000822192992121
    -0.002346482711803     0.000284572557439    -0.001451468046749
1 40
    -0.003048025639581    -0.000230309583196     0.001984057447888
    -0.000046555914836    -0.000795039377497     0.000822192992122
     0.002686897324543    -0.000284572557438    -0.002325176522178
1 41
    -4.483626906353699    -2.819924187266974    -2.819481256881897
    -2.819924187266976    -4.483781050581930    -2.819970477728654
    -2.819481256881895    -2.819970477728654    -4.483803318210127
1 42
    -0.001962103514645     0.002301668758330     0.002673197087374
     0.002301668758330     0.003826634850564    -0.000594037307082
     0.002673197087372    -0.000594037307080     0.003645242438494
1 43
     0.003805750897499     0.002880500576526    -0.000569977560974
     0.002880500576526    -0.001982987467711     0.003334798741381
    -0.000569977560975     0.003334798741382     0.003778502713659
1 44
     0.003487487976338    -0.002841143102730    -0.005023649114577
    -0.002841143102729     0.003641632204568    -0.005171970175717
    -0.005023649114580    -0.005171970175719     0.002602262819529
1 45
     0.003794162869963    -0.001117401542636     0.002969591358141
    -0.001117401542634     0.003948307098193     0.003052361193952
     0.002969591358143     0.003052361193953    -0.001813183083176
1 46
     0.003464907253605    -0.005312085941390    -0.002493065166267
    -0.005312085941390     0.002601949724999    -0.005266822624328
    -0.002493065166263    -0.005266822624327     0.003641319110034
1 47
     0.002622833678064    -0.005078015737691    -0.004884431359490
    -0.005078015737693     0.003485791206667    -0.002748215809324
    -0.004884431359493    -0.002748215809325     0.003508058834866
1 48
    -0.003396918582676     0.003032083901951     0.003297070336188
     0.003032083901949    -0.003551062810904     0.003851842408272
     0.003297070336188     0.003851842408269    -0.003369670398830
1 49
    -0.070928567411979    -0.068482084813565    -0.135140361074934
    -0.068602117747226    -0.070928567411978    -0.134411533083427
     0.134863495576903     0.134949153518111     0.279978120571984
1 50
    -0.070404785025340     0.068822499426304    -0.134863495576903
     0.068261703134487    -0.070404785025339     0.134411533083428
     0.135140361074935    -0.134949153518110     0.280204941856849
1 51
    -0.070404785025340     0.068261703134487     0.135140361074935
     0.068822499426304    -0.070404785025339    -0.134949153518110
    -0.134863495576903     0.134411533083428     0.280204941856850
1 52
    -0.070928567411979    -0.068602117747226     0.134863495576903
    -0.068482084813565    -0.070928567411978     0.134949153518111
    -0.135140361074934    -0.134411533083427     0.279978120571984
1 53
    -0.002068792373669    -0.002249704413334     0.000168955551313
    -0.002129671479672    -0.002068792373673     0.000324670651788
     0.000107909946718    -0.000862291086467     0.000011259867983
1 54
    -0.002666761524728     0.001909289800594    -0.000107909946718
     0.002470086092412    -0.002666761524732    -0.000324670651788
    -0.000168955551314     0.000862291086466    -0.000883670384848
1 55
    -0.002666761524728     0.002470086092412    -0.000168955551314
     0.001909289800594    -0.002666761524732     0.000862291086466
    -0.000107909946718    -0.000324670651788    -0.000883670384848
1 56
    -0.002068792373669    -0.002129671479672     0.000107909946718
    -0.002249704413334    -0.002068792373673    -0.000862291086467
     0.000168955551314     0.000324670651788     0.000011259867983
1 57
     0.004520538806594    -0.002547443714112     0.000429883172602
    -0.002547443714113    -0.000892834860461     0.002654134663909
     0.000429883172604     0.002654134663909     0.004147627008704
1 58
     0.002772700067244     0.002508086240316     0.005163743502947
     0.002508086240316     0.002551479597322    -0.004491306098245
     0.005163743502948    -0.004491306098244     0.002233138524494
1 59
    -4.484142670525122     2.820153936409735     2.819662790439454
     2.820153936409734    -4.483921450055207    -2.819852619656353
     2.819662790439450    -2.819852619656355    -4.483973418767493
1 60
    -0.001446339343223    -0.002531417901090    -0.002854730644929
    -0.002531417901091     0.003967034323837    -0.000711895379379
    -0.002854730644930    -0.000711895379380     0.003815342995862
1 61
     0.001893480872868     0.004848266594931     0.004702897801935
     0.004848266594932     0.002381073703322    -0.001745923785935
     0.004702897801937    -0.001745923785930     0.002433042415619
1 62
    -0.002667565777481    -0.002802334759192    -0.003115536778631
    -0.002802334759191    -0.002446345307564     0.002849550384878
    -0.003115536778632     0.002849550384879    -0.002294653979592
1 63
     0.004324491937488     0.000784344680222    -0.002829496969772
     0.000784344680219     0.004103271467572     0.002612875175735
    -0.002829496969773     0.002612875175730    -0.000937190401601
1 64
     0.002934578186078     0.005645142803804     0.002352970777896
     0.005645142803805     0.002446985355625    -0.004827336606109
     0.002352970777895    -0.004827336606107     0.002765326428460
2 1
    -0.005216718825573     0.000058011922514     0.000314688281773
     0.000058011922514    -0.004772305721483     0.000022746202692
     0.000314688281772     0.000022746202692    -0.005125544329292
2 2
    17.358660421489169    -0.000058011922513    -0.000314688281773
    -0.000058011922513    17.359285650577576     0.000299611700725
    -0.000314688281772     0.000299611700725    17.358477148996776
2 3
     0.005939253357605    -0.000058011922514    -0.000222932152910
    -0.000058011922514     0.005314024269191    -0.000022746202694
    -0.000222932152910    -0.000022746202694    -0.002430542438446
2 4
    -0.005187954921078     0.000058011922513     0.000222932152910
     0.000058011922513    -0.005632368025179    -0.000299611700722
     0.000222932152910    -0.000299611700722    -0.005461149274878
2 5
     0.006451858452793    -0.000479608512169    -0.000314688281773
    -0.000479608512169    -0.001109435762451    -0.000022746202696
    -0.000314688281773    -0.000022746202696     0.005189432710374
2 6
    -0.004501980227241     0.000479608512171     0.000314688281773
     0.000479608512171    -0.004421935973239    -0.000299611700726
     0.000314688281773    -0.000299611700726    -0.006038852958355
2 7
     0.001890034461303     0.000479608512169     0.000222932152910
     0.000479608512169     0.001809990207290     0.000022746202694
     0.000222932152910     0.000022746202694     0.000717530580301
2 8
    -0.001183014339556    -0.000479608512171    -0.000222932152911
    -0.000479608512171     0.006378279875699     0.000299611700727
    -0.000222932152911     0.000299611700727     0.005741083221674
2 9
    -4.483975430021756     2.820349393082517    -2.819558855482381
     2.820349393082515    -4.484373493342339     2.819721905931040
    -2.819558855482379     2.819721905931047    -4.484050097356475
2 10
    -0.000973585960031    -0.002410697131031     0.002434618245018
    -0.002410697131026     0.004571233312828     0.000661379471450
     0.002434618245014     0.000661379471450     0.004044177286706
2 11
     0.004154274565556    -0.003305706392067    -0.000492378960487
    -0.003305706392067    -0.001390544707300    -0.003086226943772
    -0.000492378960483    -0.003086226943774     0.004025281860017
2 12
     0.002498970421724     0.002950171475429    -0.004785070272222
     0.002950171475429     0.002897033742304     0.005104628011349
    -0.004785070272220     0.005104628011350     0.002203327971316
2 13
     0.004157251434122     0.000588888007440     0.002725562012703
     0.000588888007441     0.004555314754702    -0.002482161450420
     0.002725562012702    -0.002482161450421    -0.000860511812620
2 14
     0.002461824802889     0.005524422033744    -0.001932858377983
     0.005524422033743     0.001842786366635     0.004877852514039
    -0.001932858377983     0.004877852514040     0.002536492137617
2 15
     0.002259745113906     0.005606529272887    -0.004640402014052
     0.005606529272890     0.002878783550159     0.002178016065797
    -0.004640402014056     0.002178016065793     0.002555387564306
2 16
    -0.002393836131962    -0.003244419994304     0.002736863547905
    -0.003244419994304    -0.002791899452544    -0.003462872297984
     0.002736863547905    -0.003462872297984    -0.002264843426413
2 17
    -0.000844658459505     0.000297619904003     0.000157698988550
     0.000240000530680    -0.002786014621030     0.002635186782554
     0.000379921446133     0.002052379839562    -0.002063165503638
2 18
     0.280520362679887    -0.135513824700578     0.134813706535071
     0.134976204265895    -0.071324951024912     0.068404793173453
    -0.135351326969754     0.068987600116443    -0.070602101907505
2 19
    -0.000038141745985    -0.000240000530681    -0.000157698988550
    -0.000297619904002    -0.002328305399845    -0.002414805103473
    -0.000379921446133    -0.002272761518636    -0.001605456282441
2 20
     0.280130178965814    -0.134976204265895    -0.134813706535071
     0.135513824700578    -0.072063942231307    -0.068625174852533
     0.135351326969754    -0.068767218437369    -0.071341093113904
2 21
    -0.000038141745985    -0.000297619904002    -0.000379921446133
    -0.000240000530681    -0.002328305399845    -0.002272761518636
    -0.000157698988550    -0.002414805103473    -0.001605456282441
2 22
     0.280130178965814     0.135513824700578     0.135351326969754
    -0.134976204265895    -0.072063942231307    -0.068767218437369
    -0.134813706535071    -0.068625174852533    -0.071341093113904
2 23
    -0.000844658459505     0.000240000530681     0.000379921446133
     0.000297619904003    -0.002786014621030     0.002052379839562
     0.000157698988550     0.002635186782554    -0.002063165503638
2 24
     0.280520362679887     0.134976204265895    -0.135351326969754
    -0.135513824700578    -0.071324951024912     0.068987600116443
     0.134813706535071     0.068404793173453    -0.070602101907505
2 25
     0.004261068882439     0.002515882201464     0.000113837470196
     0.002515882201465    -0.000908385692266    -0.002644009968228
     0.000113837470193    -0.002644009968227     0.004477739790950
2 26
     0.002392176104838    -0.002160347284825     0.005163611762513
    -0.002160347284825     0.002414874727271     0.004662411035803
     0.005163611762513     0.004662411035803     0.001750870040382
2 27
    -4.483883200600971    -2.820122374897085     2.819978836141856
    -2.820122374897085    -4.483905899223404     2.819842494960670
     2.819978836141860     2.819842494960671    -4.484303531549747
2 28
    -0.001065815380817     0.002183678945598    -0.002854598904495
     0.002183678945598     0.004103639193892     0.000540790441826
    -0.002854598904493     0.000540790441822     0.004297611479973
2 29
     0.002167515693122    -0.004713397362628     0.005340571450269
    -0.004713397362628     0.002411189431224     0.002057427036169
     0.005340571450270     0.002057427036168     0.002808821757575
2 30
    -0.002301606711180     0.002351288084045    -0.003437032984123
     0.002351288084048    -0.002324305333609    -0.003342283268359
    -0.003437032984122    -0.003342283268357    -0.002518277619685
2 31
     0.004050457117237    -0.000919213912526    -0.003467170618104
    -0.000919213912527     0.004073155739670    -0.002924378425967
    -0.003467170618105    -0.002924378425970    -0.001312969743549
2 32
     0.002568619119776    -0.005194096128658     0.002674466983386
    -0.005194096128659     0.002324945381668     0.005320069489586
     0.002674466983387     0.005320069489587     0.002988950068555
2 33
    -0.071764456767818     0.134985895213381    -0.068676885394520
    -0.135262760711411     0.280118034328753    -0.134371434989082
    -0.068698896045694     0.134909055423762    -0.071041607650414
2 34
    -0.071516413705543     0.135262760711412     0.068336470781780
    -0.134985895213380     0.279935256757391     0.134371434989080
     0.069039310658434    -0.134909055423765    -0.070793564588138
2 35
    -0.002174317164157     0.000230309583193    -0.002346482711803
     0.000046555914835     0.000509489731564     0.000284572557439
    -0.002324472060628    -0.000822192992121    -0.001451468046749
2 36
    -0.003048025639581    -0.000046555914836     0.002686897324543
    -0.000230309583195    -0.000795039377497    -0.000284572557438
     0.001984057447888     0.000822192992122    -0.002325176522178
2 37
    -0.071516413705543    -0.134985895213380     0.069039310658434
     0.135262760711412     0.279935256757391    -0.134909055423765
     0.068336470781780     0.134371434989080    -0.070793564588138
2 38
    -0.071764456767818    -0.135262760711411    -0.068698896045694
     0.134985895213381     0.280118034328753     0.134909055423762
    -0.068676885394520    -0.134371434989082    -0.071041607650414
2 39
    -0.003048025639581    -0.000230309583196     0.001984057447888
    -0.000046555914836    -0.000795039377497     0.000822192992122
     0.002686897324543    -0.000284572557438    -0.002325176522178
2 40
    -0.002174317164157     0.000046555914835    -0.002324472060628
     0.000230309583193     0.000509489731564    -0.000822192992121
    -0.002346482711803     0.000284572557439    -0.001451468046749
2 41
    -0.001962103514645     0.002301668758330     0.002673197087374
     0.002301668758330     0.003826634850564    -0.000594037307082
     0.002673197087372    -0.000594037307080     0.003645242438494
2 42
    -4.483626906353699    -2.819924187266974    -2.819481256881897
    -2.819924187266976    -4.483781050581930    -2.819970477728654
    -2.819481256881895    -2.819970477728654    -4.483803318210127
2 43
     0.003487487976338    -0.002841143102730    -0.005023649114577
    -0.002841143102729     0.003641632204568    -0.005171970175717
    -0.005023649114580    -0.005171970175719     0.002602262819529
2 44
     0.003805750897499     0.002880500576526    -0.000569977560974
     0.002880500576526    -0.001982987467711     0.003334798741381
    -0.000569977560975     0.003334798741382     0.003778502713659
2 45
     0.003464907253605    -0.005312085941390    -0.002493065166267
    -0.005312085941390     0.002601949724999    -0.005266822624328
    -0.002493065166263    -0.005266822624327     0.003641319110034
2 46
     0.003794162869963    -0.001117401542636     0.002969591358141
    -0.001117401542634     0.003948307098193     0.003052361193952
     0.002969591358143     0.003052361193953    -0.001813183083176
2 47
    -0.003396918582676     0.003032083901951     0.003297070336188
     0.003032083901949    -0.003551062810904     0.003851842408272
     0.003297070336188     0.003851842408269    -0.003369670398830
2 48
     0.002622833678064    -0.005078015737691    -0.004884431359490
    -0.005078015737693     0.003485791206667    -0.002748215809324
    -0.004884431359493    -0.002748215809325     0.003508058834866
2 49
    -0.070404785025340     0.068822499426304    -0.134863495576903
     0.068261703134487    -0.070404785025339     0.134411533083428
     0.135140361074935    -0.134949153518110     0.280204941856849
2 50
    -0.070928567411979    -0.068482084813565    -0.135140361074934
    -0.068602117747226    -0.070928567411978    -0.134411533083427
     0.134863495576903     0.134949153518111     0.279978120571984
2 51
    -0.070928567411979    -0.068602117747226     0.134863495576903
    -0.068482084813565    -0.070928567411978     0.134949153518111
    -0.135140361074934    -0.134411533083427     0.279978120571984
2 52
    -0.070404785025340     0.068261703134487     0.135140361074935
     0.068822499426304    -0.070404785025339    -0.134949153518110
    -0.134863495576903     0.134411533083428     0.280204941856850
2 53
    -0.002666761524728     0.001909289800594    -0.000107909946718
     0.002470086092412    -0.002666761524732    -0.000324670651788
    -0.000168955551314     0.000862291086466    -0.000883670384848
2 54
    -0.002068792373669    -0.002249704413334     0.000168955551313
    -0.002129671479672    -0.002068792373673     0.000324670651788
     0.000107909946718    -0.000862291086467     0.000011259867983
2 55
    -0.002068792373669    -0.002129671479672     0.000107909946718
    -0.002249704413334    -0.002068792373673    -0.000862291086467
     0.000168955551314     0.000324670651788     0.000011259867983
2 56
    -0.002666761524728     0.002470086092412    -0.000168955551314
     0.001909289800594    -0.002666761524732     0.000862291086466
    -0.000107909946718    -0.000324670651788    -0.000883670384848
2 57
     0.002772700067244     0.002508086240316     0.005163743502947
     0.002508086240316     0.002551479597322    -0.004491306098245
     0.005163743502948    -0.004491306098244     0.002233138524494
2 58
     0.004520538806594    -0.002547443714112     0.000429883172602
    -0.002547443714113    -0.000892834860461     0.002654134663909
     0.000429883172604     0.002654134663909     0.004147627008704
2 59
    -0.001446339343223    -0.002531417901090    -0.002854730644929
    -0.002531417901091     0.003967034323837    -0.000711895379379
    -0.002854730644930    -0.000711895379380     0.003815342995862
2 60
    -4.484142670525122     2.820153936409735     2.819662790439454
     2.820153936409734    -4.483921450055207    -2.819852619656353
     2.819662790439450    -2.819852619656355    -4.483973418767493
2 61
    -0.002667565777481    -0.002802334759192    -0.003115536778631
    -0.002802334759191    -0.002446345307564     0.002849550384878
    -0.003115536778632     0.002849550384879    -0.002294653979592
2 62
     0.001893480872868     0.004848266594931     0.004702897801935
     0.004848266594932     0.002381073703322    -0.001745923785935
     0.004702897801937    -0.001745923785930     0.002433042415619
2 63
     0.002934578186078     0.005645142803804     0.002352970777896
     0.005645142803805     0.002446985355625    -0.004827336606109
     0.002352970777895    -0.004827336606107     0.002765326428460
2 64
     0.004324491937488     0.000784344680222    -0.002829496969772
     0.000784344680219     0.004103271467572     0.002612875175735
    -0.002829496969773     0.002612875175730    -0.000937190401601
3 1
    -0.005187954921078     0.000058011922513     0.000222932152910
     0.000058011922513    -0.005632368025179    -0.000299611700722
     0.000222932152910    -0.000299611700722    -0.005461149274878
3 2
     0.005939253357605    -0.000058011922514    -0.000222932152910
    -0.000058011922514     0.005314024269191    -0.000022746202694
    -0.000222932152910    -0.000022746202694    -0.002430542438446
3 3
    17.358660421489169    -0.000058011922513    -0.000314688281773
    -0.000058011922513    17.359285650577576     0.000299611700725
    -0.000314688281772     0.000299611700725    17.358477148996776
3 4
    -0.005216718825573     0.000058011922514     0.000314688281773
     0.000058011922514    -0.004772305721483     0.000022746202692
     0.000314688281772     0.000022746202692    -0.005125544329292
3 5
    -0.001183014339556    -0.000479608512171    -0.000222932152911
    -0.000479608512171     0.006378279875699     0.000299611700727
    -0.000222932152911     0.000299611700727     0.005741083221674
3 6
     0.001890034461303     0.000479608512169     0.000222932152910
     0.000479608512169     0.001809990207290     0.000022746202694
     0.000222932152910     0.000022746202694     0.000717530580301
3 7
    -0.004501980227241     0.000479608512171     0.000314688281773
     0.000479608512171    -0.004421935973239    -0.000299611700726
     0.000314688281773    -0.000299611700726    -0.006038852958355
3 8
     0.006451858452793    -0.000479608512169    -0.000314688281773
    -0.000479608512169    -0.001109435762451    -0.000022746202696
    -0.000314688281773    -0.000022746202696     0.005189432710374
3 9
     0.002498970421724     0.002950171475429    -0.004785070272222
     0.002950171475429     0.002897033742304     0.005104628011349
    -0.004785070272220     0.005104628011350     0.002203327971316
3 10
     0.004154274565556    -0.003305706392067    -0.000492378960487
    -0.003305706392067    -0.001390544707300    -0.003086226943772
    -0.000492378960483    -0.003086226943774     0.004025281860017
3 11
    -0.000973585960031    -0.002410697131031     0.002434618245018
    -0.002410697131026     0.004571233312828     0.000661379471450
     0.002434618245014     0.000661379471450     0.004044177286706
3 12
    -4.483975430021756     2.820349393082517    -2.819558855482381
     2.820349393082515    -4.484373493342339     2.819721905931040
    -2.819558855482379     2.819721905931047    -4.484050097356475
3 13
    -0.002393836131962    -0.003244419994304     0.002736863547905
    -0.003244419994304    -0.002791899452544    -0.003462872297984
     0.002736863547905    -0.003462872297984    -0.002264843426413
3 14
     0.002259745113906     0.005606529272887    -0.004640402014052
     0.005606529272890     0.002878783550159     0.002178016065797
    -0.004640402014056     0.002178016065793     0.002555387564306
3 15
     0.002461824802889     0.005524422033744    -0.001932858377983
     0.005524422033743     0.001842786366635     0.004877852514039
    -0.001932858377983     0.004877852514040     0.002536492137617
3 16
     0.004157251434122     0.000588888007440     0.002725562012703
     0.000588888007441     0.004555314754702    -0.002482161450420
     0.002725562012702    -0.002482161450421    -0.000860511812620
3 17
     0.280130178965814    -0.134976204265895    -0.134813706535071
     0.135513824700578    -0.072063942231307    -0.068625174852533
     0.135351326969754    -0.068767218437369    -0.071341093113904
3 18
    -0.000038141745985    -0.000240000530681    -0.000157698988550
    -0.000297619904002    -0.002328305399845    -0.002414805103473
    -0.000379921446133    -0.002272761518636    -0.001605456282441
3 19
     0.280520362679887    -0.135513824700578     0.134813706535071
     0.134976204265895    -0.071324951024912     0.068404793173453
    -0.135351326969754     0.068987600116443    -0.070602101907505
3 20
    -0.000844658459505     0.000297619904003     0.000157698988550
     0.000240000530680    -0.002786014621030     0.002635186782554
     0.000379921446133     0.002052379839562    -0.002063165503638
3 21
     0.280520362679887     0.134976204265895    -0.135351326969754
    -0.135513824700578    -0.071324951024912     0.068987600116443
     0.134813706535071     0.068404793173453    -0.070602101907505
3 22
    -0.000844658459505     0.000240000530681     0.000379921446133
     0.000297619904003    -0.002786014621030     0.002052379839562
     0.000157698988550     0.002635186782554    -0.002063165503638
3 23
     0.280130178965814     0.135513824700578     0.135351326969754
    -0.134976204265895    -0.072063942231307    -0.068767218437369
    -0.134813706535071    -0.068625174852533    -0.071341093113904
3 24
    -0.000038141745985    -0.000297619904002    -0.000379921446133
    -0.000240000530681    -0.002328305399845    -0.002272761518636
    -0.000157698988550    -0.002414805103473    -0.001605456282441
3 25
    -0.001065815380817     0.002183678945598    -0.002854598904495
     0.002183678945598     0.004103639193892     0.000540790441826
    -0.002854598904493     0.000540790441822     0.004297611479973
3 26
    -4.483883200600971    -2.820122374897085     2.819978836141856
    -2.820122374897085    -4.483905899223404     2.819842494960670
     2.819978836141860     2.819842494960671    -4.484303531549747
3 27
     0.002392176104838    -0.002160347284825     0.005163611762513
    -0.002160347284825     0.002414874727271     0.004662411035803
     0.005163611762513     0.004662411035803     0.001750870040382
3 28
     0.004261068882439     0.002515882201464     0.000113837470196
     0.002515882201465    -0.000908385692266    -0.002644009968228
     0.000113837470193    -0.002644009968227     0.004477739790950
3 29
     0.002568619119776    -0.005194096128658     0.002674466983386
    -0.005194096128659     0.002324945381668     0.005320069489586
     0.002674466983387     0.005320069489587     0.002988950068555
3 30
     0.004050457117237    -0.000919213912526    -0.003467170618104
    -0.000919213912527     0.004073155739670    -0.002924378425967
    -0.003467170618105    -0.002924378425970    -0.001312969743549
3 31
    -0.002301606711180     0.002351288084045    -0.003437032984123
     0.002351288084048    -0.002324305333609    -0.003342283268359
    -0.003437032984122    -0.003342283268357    -0.002518277619685
3 32
     0.002167515693122    -0.004713397362628     0.005340571450269
    -0.004713397362628     0.002411189431224     0.002057427036169
     0.005340571450270     0.002057427036168     0.002808821757575
3 33
    -0.003048025639581    -0.000046555914836     0.002686897324543
    -0.000230309583195    -0.000795039377497    -0.000284572557438
     0.001984057447888     0.000822192992122    -0.002325176522178
3 34
    -0.002174317164157     0.000230309583193    -0.002346482711803
     0.000046555914835     0.000509489731564     0.000284572557439
    -0.002324472060628    -0.000822192992121    -0.001451468046749
3 35
    -0.071516413705543     0.135262760711412     0.068336470781780
    -0.134985895213380     0.279935256757391     0.134371434989080
     0.069039310658434    -0.134909055423765    -0.070793564588138
3 36
    -0.071764456767818     0.134985895213381    -0.068676885394520
    -0.135262760711411     0.280118034328753    -0.134371434989082
    -0.068698896045694     0.134909055423762    -0.071041607650414
3 37
    -0.002174317164157     0.000046555914835    -0.002324472060628
     0.000230309583193     0.000509489731564    -0.000822192992121
    -0.002346482711803     0.000284572557439    -0.001451468046749
3 38
    -0.003048025639581    -0.000230309583196     0.001984057447888
    -0.000046555914836    -0.000795039377497     0.000822192992122
     0.002686897324543    -0.000284572557438    -0.002325176522178
3 39
    -0.071764456767818    -0.135262760711411    -0.068698896045694
     0.134985895213381     0.280118034328753     0.134909055423762
    -0.068676885394520    -0.134371434989082    -0.071041607650414
3 40
    -0.071516413705543    -0.134985895213380     0.069039310658434
     0.135262760711412     0.279935256757391    -0.134909055423765
     0.068336470781780     0.134371434989080    -0.070793564588138
3 41
     0.003805750897499     0.002880500576526    -0.000569977560974
     0.002880500576526    -0.001982987467711     0.003334798741381
    -0.000569977560975     0.003334798741382     0.003778502713659
3 42
     0.003487487976338    -0.002841143102730    -0.005023649114577
    -0.002841143102729     0.003641632204568    -0.005171970175717
    -0.005023649114580    -0.005171970175719     0.002602262819529
3 43
    -4.483626906353699    -2.819924187266974    -2.819481256881897
    -2.819924187266976    -4.483781050581930    -2.819970477728654
    -2.819481256881895    -2.819970477728654    -4.483803318210127
3 44
    -0.001962103514645     0.002301668758330     0.002673197087374
     0.002301668758330     0.003826634850564    -0.000594037307082
     0.002673197087372    -0.000594037307080     0.003645242438494
3 45
     0.002622833678064    -0.005078015737691    -0.004884431359490
    -0.005078015737693     0.003485791206667    -0.002748215809324
    -0.004884431359493    -0.002748215809325     0.003508058834866
3 46
    -0.003396918582676     0.003032083901951     0.003297070336188
     0.003032083901949    -0.003551062810904     0.003851842408272
     0.003297070336188     0.003851842408269    -0.003369670398830
3 47
     0.003794162869963    -0.001117401542636     0.002969591358141
    -0.001117401542634     0.003948307098193     0.003052361193952
     0.002969591358143     0.003052361193953    -0.001813183083176
3 48
     0.003464907253605    -0.005312085941390    -0.002493065166267
    -0.005312085941390     0.002601949724999    -0.005266822624328
    -0.002493065166263    -0.005266822624327     0.003641319110034
3 49
    -0.070404785025340     0.068261703134487     0.135140361074935
     0.068822499426304    -0.070404785025339    -0.134949153518110
    -0.134863495576903     0.134411533083428     0.280204941856850
3 50
    -0.070928567411979    -0.068602117747226     0.134863495576903
    -0.068482084813565    -0.070928567411978     0.134949153518111
    -0.135140361074934    -0.134411533083427     0.279978120571984
3 51
    -0.070928567411979    -0.068482084813565    -0.135140361074934
    -0.068602117747226    -0.070928567411978    -0.134411533083427
     0.134863495576903     0.134949153518111     0.279978120571984
3 52
    -0.070404785025340     0.068822499426304    -0.134863495576903
     0.068261703134487    -0.070404785025339     0.134411533083428
     0.135140361074935    -0.134949153518110     0.280204941856849
3 53
    -0.002666761524728     0.002470086092412    -0.000168955551314
     0.001909289800594    -0.002666761524732     0.000862291086466
    -0.000107909946718    -0.000324670651788    -0.000883670384848
3 54
    -0.002068792373669    -0.002129671479672     0.000107909946718
    -0.002249704413334    -0.002068792373673    -0.000862291086467
     0.000168955551314     0.000324670651788     0.000011259867983
3 55
    -0.002068792373669    -0.002249704413334     0.000168955551313
    -0.002129671479672    -0.002068792373673     0.000324670651788
     0.000107909946718    -0.000862291086467     0.000011259867983
3 56
    -0.002666761524728     0.001909289800594    -0.000107909946718
     0.002470086092412    -0.002666761524732    -0.000324670651788
    -0.000168955551314     0.000862291086466    -0.000883670384848
3 57
    -4.484142670525122     2.820153936409735     2.819662790439454
     2.820153936409734    -4.483921450055207    -2.819852619656353
     2.819662790439450    -2.819852619656355    -4.483973418767493
3 58
    -0.001446339343223    -0.002531417901090    -0.002854730644929
    -0.002531417901091     0.003967034323837    -0.000711895379379
    -0.002854730644930    -0.000711895379380     0.003815342995862
3 59
     0.004520538806594    -0.002547443714112     0.000429883172602
    -0.002547443714113    -0.000892834860461     0.002654134663909
     0.000429883172604     0.002654134663909     0.004147627008704
3 60
     0.002772700067244     0.002508086240316     0.005163743502947
     0.002508086240316     0.002551479597322    -0.004491306098245
     0.005163743502948    -0.004491306098244     0.002233138524494
3 61
     0.004324491937488     0.000784344680222    -0.002829496969772
     0.000784344680219     0.004103271467572     0.002612875175735
    -0.002829496969773     0.002612875175730    -0.000937190401601
3 62
     0.002934578186078     0.005645142803804     0.002352970777896
     0.005645142803805     0.002446985355625    -0.004827336606109
     0.002352970777895    -0.004827336606107     0.002765326428460
3 63
     0.001893480872868     0.004848266594931     0.004702897801935
     0.004848266594932     0.002381073703322    -0.001745923785935
     0.004702897801937    -0.001745923785930     0.002433042415619
3 64
    -0.002667565777481    -0.002802334759192    -0.003115536778631
    -0.002802334759191    -0.002446345307564     0.002849550384878
    -0.003115536778632     0.002849550384879    -0.002294653979592
4 1
     0.005939253357605    -0.000058011922514    -0.000222932152910
    -0.000058011922514     0.005314024269191    -0.000022746202694
    -0.000222932152910    -0.000022746202694    -0.002430542438446
4 2
    -0.005187954921078     0.000058011922513     0.000222932152910
     0.000058011922513    -0.005632368025179    -0.000299611700722
     0.000222932152910    -0.000299611700722    -0.005461149274878
4 3
