  32   32
1 1
    22.573901449704366    -0.064466414972536    -0.004837092352387
    -0.064466414972536    22.499461931802330     0.002792745370574
    -0.004837092352387     0.002792745370574    25.107339921131057
1 2
     0.319811638027394     0.064466358495281     0.004837037948258
     0.064466358495281     0.397350186826855    -0.082659732578698
     0.004837037948258    -0.082659732578698     0.826976929422124
1 3
     0.322136029888994     0.065808348285539     0.074003876778537
     0.065808348285539     0.395025755817373     0.037140841880961
     0.074003876778537     0.037140841880961     0.826976947168596
1 4
     0.478037647281265    -0.065808349921799    -0.074003822374411
    -0.065808349921799     0.402048689144278     0.042726145327144
    -0.074003822374411     0.042726145327144     0.902539949034792
1 5
    -0.093928906853231    -0.001330612642699    -0.003242085753600
    -0.001330612642699    -0.095465306699734     0.001871773919817
    -0.003242085753600     0.001871773919817    -2.298463003328907
1 6
     0.131412143814764     0.001330651213044     0.003242137891660
     0.001330651213044    -0.011782606316915    -0.095826540912037
     0.003242137891660    -0.095826540912037    -0.067600212201682
1 7
     0.022863719739171    -0.061339778782290     0.084609356444036
    -0.061339778782290     0.096765832450583     0.045105521305453
     0.084609356444036     0.045105521305453    -0.067600216507039
1 8
     0.050309860612829     0.061339752510731    -0.084609408582096
     0.061339752510731     0.121138940483828     0.048849245686759
    -0.084609408582096     0.048849245686759    -0.162996437377628
1 9
     0.180369763847107    -0.028362221080908    -0.068821548886418
    -0.028362227404962     0.147619909938501     0.039734116425560
    -0.830912550137143     0.479727619548431     0.512017072608910
1 10
     0.244298942751465     0.028362194369245     0.068821481281561
     0.028362206103514     0.181092070856785     0.023973081035955
     0.830912641604939     0.505486802819345     0.380465497046375
1 11
     0.172331437318800    -0.013188283069234     0.013649428078445
    -0.013188287568705     0.253059576106927    -0.071587599101884
    -0.022308069775239    -0.972334985371573     0.380465495782677
1 12
    -0.064083710190543     0.013188312684270    -0.013649360473587
     0.013188311773522    -0.048855113117826     0.007880401640361
     0.022307978307458    -0.012879436996199    -0.025867482659454
1 13
     0.180369749708446    -0.028362163078685     0.830912743644338
    -0.028362162568673     0.147619927247459    -0.479727679039140
     0.068821334568431    -0.039734051259237     0.512017072001500
1 14
     0.244298966985687     0.028362185005239    -0.830912681889467
     0.028362183310925     0.181092046674586    -0.505486744238483
    -0.068821432131026    -0.023973154108951     0.380465497054615
1 15
     0.172331372924605    -0.013188302328104     0.022308029490727
    -0.013188300466438     0.253059637330839     0.972334779472843
    -0.013649378927935     0.071587820014011     0.380465496390081
1 16
    -0.064083645834350     0.013188277498189    -0.022308091245596
     0.013188276820817    -0.048855177526054     0.012879643804772
     0.013649476490539    -0.007880614645819    -0.025867482667683
1 17
    -1.844103382138692     0.001424509492304     0.006173120716181
     0.001424510760009    -1.842458512972703    -0.003564057350632
     0.013646699647860    -0.007878939436532   -16.368081963278321
1 18
     0.041577452951290    -0.001424512604967    -0.006173121072930
    -0.001424513798492    -0.005708366469709    -0.005530007543732
    -0.013646684186606    -0.008106385841804    -0.008184825247620
1 19
     0.007346754745947    -0.021187619880194     0.001702562710238
    -0.021187621296336     0.028522345665783     0.008111086121398
     0.000197013936381     0.015871575494232    -0.008184830145510
1 20
    -0.007720801671815     0.021187624839533    -0.001702562353492
     0.021187626181495     0.016744564060449     0.000982978772969
    -0.000197029397642     0.000113749784106    -0.002935711252673
1 21
     0.049793625557775     0.000180118276747     0.007308980533245
     0.000180119504159     0.050001611126890    -0.004219854775662
     0.012554757417837    -0.007248479295324    -0.375328744052331
1 22
     0.077522293866463    -0.000180112509794    -0.007308967470472
    -0.000180113959906    -0.032664211561914    -0.043569902484487
    -0.012554771188435     0.030618431069759    -0.091528250832044
1 23
    -0.004961596078039    -0.047802204739805     0.034078172560406
    -0.047802205521778     0.049819693094729     0.028114708587485
    -0.032793742266725    -0.004436472253006    -0.091528260796570
1 24
    -0.013490686523139     0.047802200819678    -0.034078185623180
     0.047802201824354     0.041706550560956     0.019675048672669
     0.032793756037322    -0.018933479521429    -0.010228636258048
1 25
    -0.013397786950740     0.011487155901935    -0.064061516188429
     0.011487140986936    -0.000133578969743     0.036985933541615
    -0.139634671558906     0.080618126473105    -0.041242743957050
1 26
     0.010879790229954    -0.011487168772825     0.064061504600496
    -0.011487141976976     0.034286061156076     0.051706086897549
     0.139634683622941     0.105268078058104    -0.013996611849830
1 27
     0.038382665761444     0.004391645025474    -0.012748032050305
     0.004391636178719     0.006783179508666    -0.081331920133064
    -0.021347479582735    -0.173561242630887    -0.013996611240664
1 28
    -0.032344128437333    -0.004391646363481     0.012748043638236
    -0.004391649397570    -0.037415170312714    -0.007360100306097
     0.021347467518701    -0.012324961900312    -0.081121525548417
1 29
   -10.718821681283639     5.128438561544333    -3.721997955871763
     5.128438596761002    -4.797010874744558     2.148896537280285
    -3.686801942640629     2.128576094598932    -3.488754981095878
1 30
   -10.696850201182329    -5.128438545915981     3.721997972883268
    -5.128438611394889    -4.778336323561283     2.144436458009689
     3.686801941208082     2.143179828885452    -3.476743719556370
1 31
    -1.816606685892856    -0.001427627005222     0.003862548649386
    -0.001427601697381   -13.658579811467286    -4.295563054808309
    -0.012647203355163    -4.264454051582856    -3.476743718995470
1 32
     0.052412579137178     0.001427627474831    -0.003862565660891
     0.001427632429228     0.054061076316482     0.002230059518341
     0.012647204787714    -0.007301871901518    -0.012736790532723
2 1
     0.319811638027394     0.064466358495281     0.004837037948258
     0.064466358495281     0.397350186826855    -0.082659732578698
     0.004837037948258    -0.082659732578698     0.826976929422124
2 2
    22.573901449704362    -0.064466414972535    -0.004837092352387
    -0.064466414972535    22.499461931802330     0.002792745370574
    -0.004837092352387     0.002792745370574    25.107339921131057
2 3
     0.478037647281265    -0.065808349921799    -0.074003822374410
    -0.065808349921799     0.402048689144278     0.042726145327144
    -0.074003822374411     0.042726145327144     0.902539949034792
2 4
     0.322136029888994     0.065808348285539     0.074003876778537
     0.065808348285539     0.395025755817373     0.037140841880961
     0.074003876778537     0.037140841880961     0.826976947168596
2 5
     0.131412143814764     0.001330651213044     0.003242137891660
     0.001330651213044    -0.011782606316915    -0.095826540912037
     0.003242137891660    -0.095826540912037    -0.067600212201682
2 6
    -0.093928906853231    -0.001330612642699    -0.003242085753600
    -0.001330612642699    -0.095465306699734     0.001871773919817
    -0.003242085753600     0.001871773919817    -2.298463003328907
2 7
     0.050309860612829     0.061339752510731    -0.084609408582096
     0.061339752510731     0.121138940483828     0.048849245686759
    -0.084609408582096     0.048849245686759    -0.162996437377628
2 8
     0.022863719739171    -0.061339778782290     0.084609356444036
    -0.061339778782290     0.096765832450583     0.045105521305453
     0.084609356444036     0.045105521305453    -0.067600216507039
2 9
     0.244298942751465     0.028362194369245     0.068821481281561
     0.028362206103514     0.181092070856785     0.023973081035955
     0.830912641604939     0.505486802819345     0.380465497046375
2 10
     0.180369763847107    -0.028362221080908    -0.068821548886418
    -0.028362227404962     0.147619909938501     0.039734116425560
    -0.830912550137143     0.479727619548431     0.512017072608910
2 11
    -0.064083710190543     0.013188312684270    -0.013649360473587
     0.013188311773522    -0.048855113117826     0.007880401640361
     0.022307978307458    -0.012879436996199    -0.025867482659454
2 12
     0.172331437318800    -0.013188283069234     0.013649428078445
    -0.013188287568705     0.253059576106927    -0.071587599101884
    -0.022308069775239    -0.972334985371573     0.380465495782677
2 13
     0.244298966985686     0.028362185005239    -0.830912681889467
     0.028362183310925     0.181092046674586    -0.505486744238483
    -0.068821432131026    -0.023973154108951     0.380465497054615
2 14
     0.180369749708446    -0.028362163078685     0.830912743644338
    -0.028362162568673     0.147619927247459    -0.479727679039140
     0.068821334568431    -0.039734051259237     0.512017072001500
2 15
    -0.064083645834350     0.013188277498189    -0.022308091245596
     0.013188276820817    -0.048855177526054     0.012879643804772
     0.013649476490539    -0.007880614645819    -0.025867482667683
2 16
     0.172331372924605    -0.013188302328104     0.022308029490727
    -0.013188300466438     0.253059637330839     0.972334779472843
    -0.013649378927935     0.071587820014011     0.380465496390081
2 17
     0.041577452951290    -0.001424512604967    -0.006173121072930
    -0.001424513798492    -0.005708366469709    -0.005530007543732
    -0.013646684186606    -0.008106385841804    -0.008184825247620
2 18
    -1.844103382138692     0.001424509492304     0.006173120716181
     0.001424510760009    -1.842458512972703    -0.003564057350632
     0.013646699647860    -0.007878939436532   -16.368081963278321
2 19
    -0.007720801671815     0.021187624839533    -0.001702562353492
     0.021187626181495     0.016744564060449     0.000982978772969
    -0.000197029397642     0.000113749784106    -0.002935711252673
2 20
     0.007346754745947    -0.021187619880194     0.001702562710238
    -0.021187621296336     0.028522345665783     0.008111086121398
     0.000197013936381     0.015871575494232    -0.008184830145510
2 21
     0.077522293866463    -0.000180112509794    -0.007308967470472
    -0.000180113959906    -0.032664211561914    -0.043569902484487
    -0.012554771188435     0.030618431069759    -0.091528250832044
2 22
     0.049793625557775     0.000180118276747     0.007308980533245
     0.000180119504159     0.050001611126890    -0.004219854775662
     0.012554757417837    -0.007248479295324    -0.375328744052331
2 23
    -0.013490686523139     0.047802200819678    -0.034078185623180
     0.047802201824354     0.041706550560956     0.019675048672669
     0.032793756037322    -0.018933479521429    -0.010228636258048
2 24
    -0.004961596078039    -0.047802204739805     0.034078172560406
    -0.047802205521778     0.049819693094729     0.028114708587485
    -0.032793742266725    -0.004436472253006    -0.091528260796570
2 25
     0.010879790229954    -0.011487168772825     0.064061504600496
    -0.011487141976976     0.034286061156076     0.051706086897549
     0.139634683622941     0.105268078058104    -0.013996611849830
2 26
    -0.013397786950740     0.011487155901935    -0.064061516188429
     0.011487140986936    -0.000133578969743     0.036985933541615
    -0.139634671558906     0.080618126473105    -0.041242743957050
2 27
    -0.032344128437333    -0.004391646363481     0.012748043638236
    -0.004391649397570    -0.037415170312714    -0.007360100306097
     0.021347467518701    -0.012324961900312    -0.081121525548417
2 28
     0.038382665761444     0.004391645025474    -0.012748032050305
     0.004391636178719     0.006783179508666    -0.081331920133064
    -0.021347479582735    -0.173561242630887    -0.013996611240664
2 29
   -10.696850201182327    -5.128438545915981     3.721997972883267
    -5.128438611394889    -4.778336323561284     2.144436458009689
     3.686801941208082     2.143179828885452    -3.476743719556370
2 30
   -10.718821681283638     5.128438561544332    -3.721997955871763
     5.128438596761001    -4.797010874744557     2.148896537280285
    -3.686801942640628     2.128576094598932    -3.488754981095878
2 31
     0.052412579137178     0.001427627474831    -0.003862565660891
     0.001427632429228     0.054061076316482     0.002230059518341
     0.012647204787714    -0.007301871901518    -0.012736790532723
2 32
    -1.816606685892856    -0.001427627005222     0.003862548649386
    -0.001427601697381   -13.658579811467286    -4.295563054808309
    -0.012647203355163    -4.264454051582856    -3.476743718995470
3 1
     0.322136029888994     0.065808348285539     0.074003876778537
     0.065808348285539     0.395025755817373     0.037140841880961
     0.074003876778537     0.037140841880961     0.826976947168596
3 2
     0.478037647281265    -0.065808349921799    -0.074003822374410
    -0.065808349921799     0.402048689144278     0.042726145327144
    -0.074003822374411     0.042726145327144     0.902539949034792
3 3
    22.573901449704362    -0.064466414972535    -0.004837092352387
    -0.064466414972535    22.499461931802330     0.002792745370574
    -0.004837092352387     0.002792745370574    25.107339921131057
3 4
     0.319811638027394     0.064466358495281     0.004837037948258
     0.064466358495281     0.397350186826855    -0.082659732578698
     0.004837037948258    -0.082659732578698     0.826976929422124
3 5
     0.022863719739171    -0.061339778782290     0.084609356444036
    -0.061339778782290     0.096765832450583     0.045105521305453
     0.084609356444036     0.045105521305453    -0.067600216507039
3 6
     0.050309860612829     0.061339752510731    -0.084609408582096
     0.061339752510731     0.121138940483828     0.048849245686759
    -0.084609408582096     0.048849245686759    -0.162996437377628
3 7
    -0.093928906853231    -0.001330612642699    -0.003242085753600
    -0.001330612642699    -0.095465306699734     0.001871773919817
    -0.003242085753600     0.001871773919817    -2.298463003328907
3 8
     0.131412143814764     0.001330651213044     0.003242137891660
     0.001330651213044    -0.011782606316915    -0.095826540912037
     0.003242137891660    -0.095826540912037    -0.067600212201682
3 9
     0.172331437318800    -0.013188283069234     0.013649428078445
    -0.013188287568705     0.253059576106927    -0.071587599101884
    -0.022308069775239    -0.972334985371573     0.380465495782677
3 10
    -0.064083710190543     0.013188312684270    -0.013649360473587
     0.013188311773522    -0.048855113117826     0.007880401640361
     0.022307978307458    -0.012879436996199    -0.025867482659454
3 11
     0.180369763847107    -0.028362221080908    -0.068821548886418
    -0.028362227404962     0.147619909938501     0.039734116425560
    -0.830912550137143     0.479727619548431     0.512017072608910
3 12
     0.244298942751465     0.028362194369245     0.068821481281561
     0.028362206103514     0.181092070856785     0.023973081035955
     0.830912641604939     0.505486802819345     0.380465497046375
3 13
     0.172331372924605    -0.013188302328104     0.022308029490727
    -0.013188300466438     0.253059637330839     0.972334779472843
    -0.013649378927935     0.071587820014011     0.380465496390081
3 14
    -0.064083645834350     0.013188277498189    -0.022308091245596
     0.013188276820817    -0.048855177526054     0.012879643804772
     0.013649476490539    -0.007880614645819    -0.025867482667683
3 15
     0.180369749708446    -0.028362163078685     0.830912743644338
    -0.028362162568673     0.147619927247459    -0.479727679039140
     0.068821334568431    -0.039734051259237     0.512017072001500
3 16
     0.244298966985686     0.028362185005239    -0.830912681889467
     0.028362183310925     0.181092046674586    -0.505486744238483
    -0.068821432131026    -0.023973154108951     0.380465497054615
3 17
     0.007346754745947    -0.021187619880194     0.001702562710238
    -0.021187621296336     0.028522345665783     0.008111086121398
     0.000197013936381     0.015871575494232    -0.008184830145510
3 18
    -0.007720801671815     0.021187624839533    -0.001702562353492
     0.021187626181495     0.016744564060449     0.000982978772969
    -0.000197029397642     0.000113749784106    -0.002935711252673
3 19
    -1.844103382138692     0.001424509492304     0.006173120716181
     0.001424510760009    -1.842458512972703    -0.003564057350632
     0.013646699647860    -0.007878939436532   -16.368081963278321
3 20
     0.041577452951290    -0.001424512604967    -0.006173121072930
    -0.001424513798492    -0.005708366469709    -0.005530007543732
    -0.013646684186606    -0.008106385841804    -0.008184825247620
3 21
    -0.004961596078039    -0.047802204739805     0.034078172560406
    -0.047802205521778     0.049819693094729     0.028114708587485
    -0.032793742266725    -0.004436472253006    -0.091528260796570
3 22
    -0.013490686523139     0.047802200819678    -0.034078185623180
     0.047802201824354     0.041706550560956     0.019675048672669
     0.032793756037322    -0.018933479521429    -0.010228636258048
3 23
     0.049793625557775     0.000180118276747     0.007308980533245
     0.000180119504159     0.050001611126890    -0.004219854775662
     0.012554757417837    -0.007248479295324    -0.375328744052331
3 24
     0.077522293866463    -0.000180112509794    -0.007308967470472
    -0.000180113959906    -0.032664211561914    -0.043569902484487
    -0.012554771188435     0.030618431069759    -0.091528250832044
3 25
     0.038382665761444     0.004391645025474    -0.012748032050305
     0.004391636178719     0.006783179508666    -0.081331920133064
    -0.021347479582735    -0.173561242630887    -0.013996611240664
3 26
    -0.032344128437333    -0.004391646363481     0.012748043638236
    -0.004391649397570    -0.037415170312714    -0.007360100306097
     0.021347467518701    -0.012324961900312    -0.081121525548417
3 27
    -0.013397786950740     0.011487155901935    -0.064061516188429
     0.011487140986936    -0.000133578969743     0.036985933541615
    -0.139634671558906     0.080618126473105    -0.041242743957050
3 28
     0.010879790229954    -0.011487168772825     0.064061504600496
    -0.011487141976976     0.034286061156076     0.051706086897549
     0.139634683622941     0.105268078058104    -0.013996611849830
3 29
    -1.816606685892856    -0.001427627005222     0.003862548649386
    -0.001427601697381   -13.658579811467286    -4.295563054808309
    -0.012647203355163    -4.264454051582856    -3.476743718995470
3 30
     0.052412579137178     0.001427627474831    -0.003862565660891
     0.001427632429228     0.054061076316482     0.002230059518341
     0.012647204787714    -0.007301871901518    -0.012736790532723
3 31
   -10.718821681283638     5.128438561544332    -3.721997955871763
     5.128438596761001    -4.797010874744557     2.148896537280285
    -3.686801942640628     2.128576094598932    -3.488754981095878
3 32
   -10.696850201182327    -5.128438545915981     3.721997972883267
    -5.128438611394889    -4.778336323561284     2.144436458009689
     3.686801941208082     2.143179828885452    -3.476743719556370
4 1
     0.478037647281265    -0.065808349921799    -0.074003822374410
    -0.065808349921799     0.402048689144278     0.042726145327144
    -0.074003822374411     0.042726145327144     0.902539949034792
4 2
     0.322136029888994     0.065808348285539     0.074003876778537
     0.065808348285539     0.395025755817373     0.037140841880961
     0.074003876778537     0.037140841880961     0.826976947168596
4 3
     0.319811638027394     0.064466358495281     0.004837037948258
     0.064466358495281     0.397350186826855    -0.082659732578698
     0.004837037948258    -0.082659732578698     0.826976929422124
4 4
    22.573901449704362    -0.064466414972535    -0.004837092352387
    -0.064466414972535    22.499461931802330     0.002792745370574
    -0.004837092352387     0.002792745370574    25.107339921131057
4 5
     0.050309860612829     0.061339752510731    -0.084609408582096
     0.061339752510731     0.121138940483828     0.048849245686759
    -0.084609408582096     0.048849245686759    -0.162996437377628
4 6
     0.022863719739171    -0.061339778782290     0.084609356444036
    -0.061339778782290     0.096765832450583     0.045105521305453
     0.084609356444036     0.045105521305453    -0.067600216507039
4 7
     0.131412143814764     0.001330651213044     0.003242137891660
     0.001330651213044    -0.011782606316915    -0.095826540912037
     0.003242137891660    -0.095826540912037    -0.067600212201682
4 8
    -0.093928906853231    -0.001330612642699    -0.003242085753600
    -0.001330612642699    -0.095465306699734     0.001871773919817
    -0.003242085753600     0.001871773919817    -2.298463003328907
4 9
    -0.064083710190543     0.013188312684270    -0.013649360473587
     0.013188311773522    -0.048855113117826     0.007880401640361
     0.022307978307458    -0.012879436996199    -0.025867482659454
4 10
     0.172331437318800    -0.013188283069234     0.013649428078445
    -0.013188287568705     0.253059576106927    -0.071587599101884
    -0.022308069775239    -0.972334985371573     0.380465495782677
4 11
     0.244298942751465     0.028362194369245     0.068821481281561
     0.028362206103514     0.181092070856785     0.023973081035955
     0.830912641604939     0.505486802819345     0.380465497046375
4 12
     0.180369763847107    -0.028362221080908    -0.068821548886418
    -0.028362227404962     0.147619909938501     0.039734116425560
    -0.830912550137143     0.479727619548431     0.512017072608910
4 13
    -0.064083645834350     0.013188277498189    -0.022308091245596
     0.013188276820817    -0.048855177526054     0.012879643804772
     0.013649476490539    -0.007880614645819    -0.025867482667683
4 14
     0.172331372924605    -0.013188302328104     0.022308029490727
    -0.013188300466438     0.253059637330839     0.972334779472843
    -0.013649378927935     0.071587820014011     0.380465496390081
4 15
     0.244298966985686     0.028362185005239    -0.830912681889467
     0.028362183310925     0.181092046674586    -0.505486744238483
    -0.068821432131026    -0.023973154108951     0.380465497054615
4 16
     0.180369749708446    -0.028362163078685     0.830912743644338
    -0.028362162568673     0.147619927247459    -0.479727679039140
     0.068821334568431    -0.039734051259237     0.512017072001500
4 17
    -0.007720801671815     0.021187624839533    -0.001702562353492
     0.021187626181495     0.016744564060449     0.000982978772969
    -0.000197029397642     0.000113749784106    -0.002935711252673
4 18
     0.007346754745947    -0.021187619880194     0.001702562710238
    -0.021187621296336     0.028522345665783     0.008111086121398
     0.000197013936381     0.015871575494232    -0.008184830145510
4 19
     0.041577452951290    -0.001424512604967    -0.006173121072930
    -0.001424513798492    -0.005708366469709    -0.005530007543732
    -0.013646684186606    -0.008106385841804    -0.008184825247620
4 20
    -1.844103382138692     0.001424509492304     0.006173120716181
     0.001424510760009    -1.842458512972703    -0.003564057350632
     0.013646699647860    -0.007878939436532   -16.368081963278321
4 21
    -0.013490686523139     0.047802200819678    -0.034078185623180
     0.047802201824354     0.041706550560956     0.019675048672669
     0.032793756037322    -0.018933479521429    -0.010228636258048
4 22
    -0.004961596078039    -0.047802204739805     0.034078172560406
    -0.047802205521778     0.049819693094729     0.028114708587485
    -0.032793742266725    -0.004436472253006    -0.091528260796570
4 23
     0.077522293866463    -0.000180112509794    -0.007308967470472
    -0.000180113959906    -0.032664211561914    -0.043569902484487
    -0.012554771188435     0.030618431069759    -0.091528250832044
4 24
     0.049793625557775     0.000180118276747     0.007308980533245
     0.000180119504159     0.050001611126890    -0.004219854775662
     0.012554757417837    -0.007248479295324    -0.375328744052331
4 25
    -0.032344128437333    -0.004391646363481     0.012748043638236
    -0.004391649397570    -0.037415170312714    -0.007360100306097
     0.021347467518701    -0.012324961900312    -0.081121525548417
4 26
     0.038382665761444     0.004391645025474    -0.012748032050305
     0.004391636178719     0.006783179508666    -0.081331920133064
    -0.021347479582735    -0.173561242630887    -0.013996611240664
4 27
     0.010879790229954    -0.011487168772825     0.064061504600496
    -0.011487141976976     0.034286061156076     0.051706086897549
     0.139634683622941     0.105268078058104    -0.013996611849830
4 28
    -0.013397786950740     0.011487155901935    -0.064061516188429
     0.011487140986936    -0.000133578969743     0.036985933541615
    -0.139634671558906     0.080618126473105    -0.041242743957050
4 29
     0.052412579137178     0.001427627474831    -0.003862565660891
     0.001427632429228     0.054061076316482     0.002230059518341
     0.012647204787714    -0.007301871901518    -0.012736790532723
4 30
    -1.816606685892856    -0.001427627005222     0.003862548649386
    -0.001427601697381   -13.658579811467286    -4.295563054808309
    -0.012647203355163    -4.264454051582856    -3.476743718995470
4 31
   -10.696850201182327    -5.128438545915981     3.721997972883267
    -5.128438611394889    -4.778336323561284     2.144436458009689
     3.686801941208082     2.143179828885452    -3.476743719556370
4 32
   -10.718821681283638     5.128438561544332    -3.721997955871763
     5.128438596761001    -4.797010874744557     2.148896537280285
    -3.686801942640628     2.128576094598932    -3.488754981095878
5 1
    -0.093928906853231    -0.001330612642699    -0.003242085753600
    -0.001330612642699    -0.095465306699734     0.001871773919817
    -0.003242085753600     0.001871773919817    -2.298463003328907
5 2
     0.131412143814764     0.001330651213044     0.003242137891660
     0.001330651213044    -0.011782606316915    -0.095826540912037
     0.003242137891660    -0.095826540912037    -0.067600212201682
5 3
     0.022863719739171    -0.061339778782290     0.084609356444036
    -0.061339778782290     0.096765832450583     0.045105521305453
     0.084609356444036     0.045105521305453    -0.067600216507039
5 4
     0.050309860612829     0.061339752510731    -0.084609408582096
     0.061339752510731     0.121138940483828     0.048849245686759
    -0.084609408582096     0.048849245686759    -0.162996437377628
5 5
    22.573901449704362    -0.064466414972535    -0.004837092352387
    -0.064466414972535    22.499461931802330     0.002792745370574
    -0.004837092352387     0.002792745370574    25.107339921131057
5 6
     0.319811638027394     0.064466358495281     0.004837037948258
     0.064466358495281     0.397350186826855    -0.082659732578698
     0.004837037948258    -0.082659732578698     0.826976929422124
5 7
     0.322136029888994     0.065808348285539     0.074003876778537
     0.065808348285539     0.395025755817373     0.037140841880961
     0.074003876778537     0.037140841880961     0.826976947168596
5 8
     0.478037647281265    -0.065808349921799    -0.074003822374410
    -0.065808349921799     0.402048689144278     0.042726145327144
    -0.074003822374411     0.042726145327144     0.902539949034792
5 9
     0.180369749708446    -0.028362163078685     0.830912743644338
    -0.028362162568673     0.147619927247459    -0.479727679039140
     0.068821334568431    -0.039734051259237     0.512017072001500
5 10
     0.244298966985686     0.028362185005239    -0.830912681889467
     0.028362183310925     0.181092046674586    -0.505486744238483
    -0.068821432131026    -0.023973154108951     0.380465497054615
5 11
     0.172331372924605    -0.013188302328104     0.022308029490727
    -0.013188300466438     0.253059637330839     0.972334779472843
    -0.013649378927935     0.071587820014011     0.380465496390081
5 12
    -0.064083645834350     0.013188277498189    -0.022308091245596
     0.013188276820817    -0.048855177526054     0.012879643804772
     0.013649476490539    -0.007880614645819    -0.025867482667683
5 13
     0.180369763847107    -0.028362221080908    -0.068821548886418
    -0.028362227404962     0.147619909938501     0.039734116425560
    -0.830912550137143     0.479727619548431     0.512017072608910
5 14
     0.244298942751465     0.028362194369245     0.068821481281561
     0.028362206103514     0.181092070856785     0.023973081035955
     0.830912641604939     0.505486802819345     0.380465497046375
5 15
     0.172331437318800    -0.013188283069234     0.013649428078445
    -0.013188287568705     0.253059576106927    -0.071587599101884
    -0.022308069775239    -0.972334985371573     0.380465495782677
5 16
    -0.064083710190543     0.013188312684270    -0.013649360473587
     0.013188311773522    -0.048855113117826     0.007880401640361
     0.022307978307458    -0.012879436996199    -0.025867482659454
5 17
     0.049793625557775     0.000180118276747     0.007308980533245
     0.000180119504159     0.050001611126890    -0.004219854775662
     0.012554757417837    -0.007248479295324    -0.375328744052331
5 18
     0.077522293866463    -0.000180112509794    -0.007308967470472
    -0.000180113959906    -0.032664211561914    -0.043569902484487
    -0.012554771188435     0.030618431069759    -0.091528250832044
5 19
    -0.004961596078039    -0.047802204739805     0.034078172560406
    -0.047802205521778     0.049819693094729     0.028114708587485
    -0.032793742266725    -0.004436472253006    -0.091528260796570
5 20
    -0.013490686523139     0.047802200819678    -0.034078185623180
     0.047802201824354     0.041706550560956     0.019675048672669
     0.032793756037322    -0.018933479521429    -0.010228636258048
5 21
    -1.844103382138692     0.001424509492304     0.006173120716181
     0.001424510760009    -1.842458512972703    -0.003564057350632
     0.013646699647860    -0.007878939436532   -16.368081963278321
5 22
     0.041577452951290    -0.001424512604967    -0.006173121072930
    -0.001424513798492    -0.005708366469709    -0.005530007543732
    -0.013646684186606    -0.008106385841804    -0.008184825247620
5 23
     0.007346754745947    -0.021187619880194     0.001702562710238
    -0.021187621296336     0.028522345665783     0.008111086121398
     0.000197013936381     0.015871575494232    -0.008184830145510
5 24
    -0.007720801671815     0.021187624839533    -0.001702562353492
     0.021187626181495     0.016744564060449     0.000982978772969
    -0.000197029397642     0.000113749784106    -0.002935711252673
5 25
   -10.718821681283638     5.128438561544332    -3.721997955871763
     5.128438596761001    -4.797010874744557     2.148896537280285
    -3.686801942640628     2.128576094598932    -3.488754981095878
5 26
   -10.696850201182327    -5.128438545915981     3.721997972883267
    -5.128438611394889    -4.778336323561284     2.144436458009689
     3.686801941208082     2.143179828885452    -3.476743719556370
5 27
    -1.816606685892856    -0.001427627005222     0.003862548649386
    -0.001427601697381   -13.658579811467286    -4.295563054808309
    -0.012647203355163    -4.264454051582856    -3.476743718995470
5 28
     0.052412579137178     0.001427627474831    -0.003862565660891
     0.001427632429228     0.054061076316482     0.002230059518341
     0.012647204787714    -0.007301871901518    -0.012736790532723
5 29
    -0.013397786950740     0.011487155901935    -0.064061516188429
     0.011487140986936    -0.000133578969743     0.036985933541615
    -0.139634671558906     0.080618126473105    -0.041242743957050
5 30
     0.010879790229954    -0.011487168772825     0.064061504600496
    -0.011487141976976     0.034286061156076     0.051706086897549
     0.139634683622941     0.105268078058104    -0.013996611849830
5 31
     0.038382665761444     0.004391645025474    -0.012748032050305
     0.004391636178719     0.006783179508666    -0.081331920133064
    -0.021347479582735    -0.173561242630887    -0.013996611240664
5 32
    -0.032344128437333    -0.004391646363481     0.012748043638236
    -0.004391649397570    -0.037415170312714    -0.007360100306097
     0.021347467518701    -0.012324961900312    -0.081121525548417
6 1
     0.131412143814764     0.001330651213044     0.003242137891660
     0.001330651213044    -0.011782606316915    -0.095826540912037
     0.003242137891660    -0.095826540912037    -0.067600212201682
6 2
    -0.093928906853231    -0.001330612642699    -0.003242085753600
    -0.001330612642699    -0.095465306699734     0.001871773919817
    -0.003242085753600     0.001871773919817    -2.298463003328907
6 3
     0.050309860612829     0.061339752510731    -0.084609408582096
     0.061339752510731     0.121138940483828     0.048849245686759
    -0.084609408582096     0.048849245686759    -0.162996437377628
6 4
     0.022863719739171    -0.061339778782290     0.084609356444036
    -0.061339778782290     0.096765832450583     0.045105521305453
     0.084609356444036     0.045105521305453    -0.067600216507039
6 5
     0.319811638027394     0.064466358495281     0.004837037948258
     0.064466358495281     0.397350186826855    -0.082659732578698
     0.004837037948258    -0.082659732578698     0.826976929422124
6 6
    22.573901449704362    -0.064466414972535    -0.004837092352387
    -0.064466414972535    22.499461931802330     0.002792745370574
    -0.004837092352387     0.002792745370574    25.107339921131057
6 7
     0.478037647281265    -0.065808349921799    -0.074003822374410
    -0.065808349921799     0.402048689144278     0.042726145327144
    -0.074003822374411     0.042726145327144     0.902539949034792
6 8
     0.322136029888994     0.065808348285539     0.074003876778537
     0.065808348285539     0.395025755817373     0.037140841880961
     0.074003876778537     0.037140841880961     0.826976947168596
6 9
     0.244298966985686     0.028362185005239    -0.830912681889467
     0.028362183310925     0.181092046674586    -0.505486744238483
    -0.068821432131026    -0.023973154108951     0.380465497054615
6 10
     0.180369749708446    -0.028362163078685     0.830912743644338
    -0.028362162568673     0.147619927247459    -0.479727679039140
     0.068821334568431    -0.039734051259237     0.512017072001500
6 11
    -0.064083645834350     0.013188277498189    -0.022308091245596
     0.013188276820817    -0.048855177526054     0.012879643804772
     0.013649476490539    -0.007880614645819    -0.025867482667683
6 12
     0.172331372924605    -0.013188302328104     0.022308029490727
    -0.013188300466438     0.253059637330839     0.972334779472843
    -0.013649378927935     0.071587820014011     0.380465496390081
6 13
     0.244298942751465     0.028362194369245     0.068821481281561
     0.028362206103514     0.181092070856785     0.023973081035955
     0.830912641604939     0.505486802819345     0.380465497046375
6 14
     0.180369763847107    -0.028362221080908    -0.068821548886418
    -0.028362227404962     0.147619909938501     0.039734116425560
    -0.830912550137143     0.479727619548431     0.512017072608910
6 15
    -0.064083710190543     0.013188312684270    -0.013649360473587
     0.013188311773522    -0.048855113117826     0.007880401640361
     0.022307978307458    -0.012879436996199    -0.025867482659454
6 16
     0.172331437318800    -0.013188283069234     0.013649428078445
    -0.013188287568705     0.253059576106927    -0.071587599101884
    -0.022308069775239    -0.972334985371573     0.380465495782677
6 17
     0.077522293866463    -0.000180112509794    -0.007308967470472
    -0.000180113959906    -0.032664211561914    -0.043569902484487
    -0.012554771188435     0.030618431069759    -0.091528250832044
6 18
     0.049793625557775     0.000180118276747     0.007308980533245
     0.000180119504159     0.050001611126890    -0.004219854775662
     0.012554757417837    -0.007248479295324    -0.375328744052331
6 19
    -0.013490686523139     0.047802200819678    -0.034078185623180
     0.047802201824354     0.041706550560956     0.019675048672669
     0.032793756037322    -0.018933479521429    -0.010228636258048
6 20
    -0.004961596078039    -0.047802204739805     0.034078172560406
    -0.047802205521778     0.049819693094729     0.028114708587485
    -0.032793742266725    -0.004436472253006    -0.091528260796570
6 21
     0.041577452951290    -0.001424512604967    -0.006173121072930
    -0.001424513798492    -0.005708366469709    -0.005530007543732
    -0.013646684186606    -0.008106385841804    -0.008184825247620
6 22
    -1.844103382138692     0.001424509492304     0.006173120716181
     0.001424510760009    -1.842458512972703    -0.003564057350632
     0.013646699647860    -0.007878939436532   -16.368081963278321
6 23
    -0.007720801671815     0.021187624839533    -0.001702562353492
     0.021187626181495     0.016744564060449     0.000982978772969
    -0.000197029397642     0.000113749784106    -0.002935711252673
6 24
     0.007346754745947    -0.021187619880194     0.001702562710238
    -0.021187621296336     0.028522345665783     0.008111086121398
     0.000197013936381     0.015871575494232    -0.008184830145510
6 25
   -10.696850201182327    -5.128438545915981     3.721997972883267
    -5.128438611394889    -4.778336323561284     2.144436458009689
     3.686801941208082     2.143179828885452    -3.476743719556370
6 26
   -10.718821681283638     5.128438561544332    -3.721997955871763
     5.128438596761001    -4.797010874744557     2.148896537280285
    -3.686801942640628     2.128576094598932    -3.488754981095878
6 27
     0.052412579137178     0.001427627474831    -0.003862565660891
     0.001427632429228     0.054061076316482     0.002230059518341
     0.012647204787714    -0.007301871901518    -0.012736790532723
6 28
    -1.816606685892856    -0.001427627005222     0.003862548649386
    -0.001427601697381   -13.658579811467286    -4.295563054808309
    -0.012647203355163    -4.264454051582856    -3.476743718995470
6 29
     0.010879790229954    -0.011487168772825     0.064061504600496
    -0.011487141976976     0.034286061156076     0.051706086897549
     0.139634683622941     0.105268078058104    -0.013996611849830
6 30
    -0.013397786950740     0.011487155901935    -0.064061516188429
     0.011487140986936    -0.000133578969743     0.036985933541615
    -0.139634671558906     0.080618126473105    -0.041242743957050
6 31
    -0.032344128437333    -0.004391646363481     0.012748043638236
    -0.004391649397570    -0.037415170312714    -0.007360100306097
     0.021347467518701    -0.012324961900312    -0.081121525548417
6 32
     0.038382665761444     0.004391645025474    -0.012748032050305
     0.004391636178719     0.006783179508666    -0.081331920133064
    -0.021347479582735    -0.173561242630887    -0.013996611240664
7 1
     0.022863719739171    -0.061339778782290     0.084609356444036
    -0.061339778782290     0.096765832450583     0.045105521305453
     0.084609356444036     0.045105521305453    -0.067600216507039
7 2
     0.050309860612829     0.061339752510731    -0.084609408582096
     0.061339752510731     0.121138940483828     0.048849245686759
    -0.084609408582096     0.048849245686759    -0.162996437377628
7 3
    -0.093928906853231    -0.001330612642699    -0.003242085753600
